DEMs/topography_dem_split.asc
ncols        501
nrows        301
xllcorner    -0.351500000000
yllcorner    -0.451500000000
cellsize     0.003000000000
NODATA_value -9999
[rows 272 to 288 of 301, columns 114 to 151 of 501]
0.050559371709823608398 0.0504283905029296875 0.05029740557074546814 0.050166424363851547241 0.050035439431667327881 0.049904458224773406982 0.049773473292589187622 0.049642492085695266724 0.049511510878801345825 0.049380525946617126465 0.049249544739723205566 0.049118559807538986206 0.048987578600645065308 0.048856593668460845947 0.048725612461566925049 0.04859463125467300415 0.04846364632248878479 0.048332665115594863892 0.048201680183410644531 0.048070698976516723633 0.047939714044332504272 0.047808732837438583374 0.047677747905254364014 0.047546766698360443115 0.047415785491466522217 0.047284800559282302856 0.047153819352388381958 0.047022834420204162598 0.046891853213310241699 0.046760868281126022339 0.04662988707423210144 0.046498905867338180542 0.046367920935153961182 0.046236939728260040283 0.046105954796075820923 0.045974973589181900024 0.045843988656997680664 0.045713007450103759766
0.050559371709823608398 0.0504283905029296875 0.05029740557074546814 0.050166424363851547241 0.050035439431667327881 0.049904458224773406982 0.049773473292589187622 0.049642492085695266724 0.049511510878801345825 0.049380525946617126465 0.049249544739723205566 0.049118559807538986206 0.048987578600645065308 0.048856593668460845947 0.048725612461566925049 0.04859463125467300415 0.04846364632248878479 0.048332665115594863892 0.048201680183410644531 0.048070698976516723633 0.047939714044332504272 0.047808732837438583374 0.047677747905254364014 0.047546766698360443115 0.047415785491466522217 0.047284800559282302856 0.047153819352388381958 0.047022834420204162598 0.046891853213310241699 0.046760868281126022339 0.04662988707423210144 0.046498905867338180542 0.046367920935153961182 0.046236939728260040283 0.046105954796075820923 0.045974973589181900024 0.045843988656997680664 0.045713007450103759766
0.050559371709823608398 0.0504283905029296875 0.05029740557074546814 0.050166424363851547241 0.050035439431667327881 0.049904458224773406982 0.049773473292589187622 0.049642492085695266724 0.049511510878801345825 0.049380525946617126465 0.049249544739723205566 0.049118559807538986206 0.048987578600645065308 0.048856593668460845947 0.048725612461566925049 0.04859463125467300415 0.04846364632248878479 0.048332665115594863892 0.048201680183410644531 0.048070698976516723633 0.047939714044332504272 0.047808732837438583374 0.047677747905254364014 0.047546766698360443115 0.047415785491466522217 0.047284800559282302856 0.047153819352388381958 0.047022834420204162598 0.046891853213310241699 0.046760868281126022339 0.04662988707423210144 0.046498905867338180542 0.046367920935153961182 0.046236939728260040283 0.046105954796075820923 0.045974973589181900024 0.045843988656997680664 0.045713007450103759766
0.050559371709823608398 0.0504283905029296875 0.05029740557074546814 0.050166424363851547241 0.050035439431667327881 0.049904458224773406982 0.049773473292589187622 0.049642492085695266724 0.049511510878801345825 0.049380525946617126465 0.049249544739723205566 0.049118559807538986206 0.048987578600645065308 0.048856593668460845947 0.048725612461566925049 0.04859463125467300415 0.04846364632248878479 0.048332665115594863892 0.048201680183410644531 0.048070698976516723633 0.047939714044332504272 0.047808732837438583374 0.047677747905254364014 0.047546766698360443115 0.047415785491466522217 0.047284800559282302856 0.047153819352388381958 0.047022834420204162598 0.046891853213310241699 0.046760868281126022339 0.04662988707423210144 0.046498905867338180542 0.046367920935153961182 0.046236939728260040283 0.046105954796075820923 0.045974973589181900024 0.045843988656997680664 0.045713007450103759766
0.050559371709823608398 0.0504283905029296875 0.05029740557074546814 0.050166424363851547241 0.050035439431667327881 0.049904458224773406982 0.049773473292589187622 0.049642492085695266724 0.049511510878801345825 0.049380525946617126465 0.049249544739723205566 0.049118559807538986206 0.048987578600645065308 0.048856593668460845947 0.048725612461566925049 0.04859463125467300415 0.04846364632248878479 0.048332665115594863892 0.048201680183410644531 0.048070698976516723633 0.047939714044332504272 0.047808732837438583374 0.047677747905254364014 0.047546766698360443115 0.047415785491466522217 0.047284800559282302856 0.047153819352388381958 0.047022834420204162598 0.046891853213310241699 0.046760868281126022339 0.04662988707423210144 0.046498905867338180542 0.046367920935153961182 0.046236939728260040283 0.046105954796075820923 0.045974973589181900024 0.045843988656997680664 0.045713007450103759766
0.050559371709823608398 0.0504283905029296875 0.05029740557074546814 0.050166424363851547241 0.050035439431667327881 0.049904458224773406982 0.049773473292589187622 0.049642492085695266724 0.049511510878801345825 0.049380525946617126465 0.049249544739723205566 0.049118559807538986206 0.048987578600645065308 0.048856593668460845947 0.048725612461566925049 0.04859463125467300415 0.04846364632248878479 0.048332665115594863892 0.048201680183410644531 0.048070698976516723633 0.047939714044332504272 0.047808732837438583374 0.047677747905254364014 0.047546766698360443115 0.047415785491466522217 0.047284800559282302856 0.047153819352388381958 0.047022834420204162598 0.046891853213310241699 0.046760868281126022339 0.04662988707423210144 0.046498905867338180542 0.046367920935153961182 0.046236939728260040283 0.046105954796075820923 0.045974973589181900024 0.045843988656997680664 0.045713007450103759766
0.050559371709823608398 0.0504283905029296875 0.05029740557074546814 0.050166424363851547241 0.050035439431667327881 0.049904458224773406982 0.049773473292589187622 0.049642492085695266724 0.049511510878801345825 0.049380525946617126465 0.049249544739723205566 0.049118559807538986206 0.048987578600645065308 0.048856593668460845947 0.048725612461566925049 0.04859463125467300415 0.04846364632248878479 0.048332665115594863892 0.048201680183410644531 0.048070698976516723633 0.047939714044332504272 0.047808732837438583374 0.047677747905254364014 0.047546766698360443115 0.047415785491466522217 0.047284800559282302856 0.047153819352388381958 0.047022834420204162598 0.046891853213310241699 0.046760868281126022339 0.04662988707423210144 0.046498905867338180542 0.046367920935153961182 0.046236939728260040283 0.046105954796075820923 0.045974973589181900024 0.045843988656997680664 0.045713007450103759766
0.050559371709823608398 0.0504283905029296875 0.05029740557074546814 0.050166424363851547241 0.050035439431667327881 0.049904458224773406982 0.049773473292589187622 0.049642492085695266724 0.049511510878801345825 0.049380525946617126465 0.049249544739723205566 0.049118559807538986206 0.048987578600645065308 0.048856593668460845947 0.048725612461566925049 0.04859463125467300415 0.04846364632248878479 0.048332665115594863892 0.048201680183410644531 0.048070698976516723633 0.047939714044332504272 0.047808732837438583374 0.047677747905254364014 0.047546766698360443115 0.047415785491466522217 0.047284800559282302856 0.047153819352388381958 0.047022834420204162598 0.046891853213310241699 0.046760868281126022339 0.04662988707423210144 0.046498905867338180542 0.046367920935153961182 0.046236939728260040283 0.046105954796075820923 0.045974973589181900024 0.045843988656997680664 0.045713007450103759766
0.050559371709823608398 0.0504283905029296875 0.05029740557074546814 0.050166424363851547241 0.050035439431667327881 0.049904458224773406982 0.049773473292589187622 0.049642492085695266724 0.049511510878801345825 0.049380525946617126465 0.049249544739723205566 0.049118559807538986206 0.048987578600645065308 0.048856593668460845947 0.048725612461566925049 0.04859463125467300415 0.04846364632248878479 0.048332665115594863892 0.048201680183410644531 0.048070698976516723633 0.047939714044332504272 0.047808732837438583374 0.047677747905254364014 0.047546766698360443115 0.047415785491466522217 0.047284800559282302856 0.047153819352388381958 0.047022834420204162598 0.046891853213310241699 0.046760868281126022339 0.04662988707423210144 0.046498905867338180542 0.046367920935153961182 0.046236939728260040283 0.046105954796075820923 0.045974973589181900024 0.045843988656997680664 0.045713007450103759766
0.050559371709823608398 0.0504283905029296875 0.05029740557074546814 0.050166424363851547241 0.050035439431667327881 0.049904458224773406982 0.049773473292589187622 0.049642492085695266724 0.049511510878801345825 0.049380525946617126465 0.049249544739723205566 0.049118559807538986206 0.048987578600645065308 0.048856593668460845947 0.048725612461566925049 0.04859463125467300415 0.04846364632248878479 0.048332665115594863892 0.048201680183410644531 0.048070698976516723633 0.047939714044332504272 0.047808732837438583374 0.047677747905254364014 0.047546766698360443115 0.047415785491466522217 0.047284800559282302856 0.047153819352388381958 0.047022834420204162598 0.046891853213310241699 0.046760868281126022339 0.04662988707423210144 0.046498905867338180542 0.046367920935153961182 0.046236939728260040283 0.046105954796075820923 0.045974973589181900024 0.045843988656997680664 0.045713007450103759766
0.050559371709823608398 0.0504283905029296875 0.05029740557074546814 0.050166424363851547241 0.050035439431667327881 0.049904458224773406982 0.049773473292589187622 0.049642492085695266724 0.049511510878801345825 0.049380525946617126465 0.049249544739723205566 0.049118559807538986206 0.048987578600645065308 0.048856593668460845947 0.048725612461566925049 0.04859463125467300415 0.04846364632248878479 0.048332665115594863892 0.048201680183410644531 0.048070698976516723633 0.047939714044332504272 0.047808732837438583374 0.047677747905254364014 0.047546766698360443115 0.047415785491466522217 0.047284800559282302856 0.047153819352388381958 0.047022834420204162598 0.046891853213310241699 0.046760868281126022339 0.04662988707423210144 0.046498905867338180542 0.046367920935153961182 0.046236939728260040283 0.046105954796075820923 0.045974973589181900024 0.045843988656997680664 0.045713007450103759766
0.050559371709823608398 0.0504283905029296875 0.05029740557074546814 0.050166424363851547241 0.050035439431667327881 0.049904458224773406982 0.049773473292589187622 0.049642492085695266724 0.049511510878801345825 0.049380525946617126465 0.049249544739723205566 0.049118559807538986206 0.048987578600645065308 0.048856593668460845947 0.048725612461566925049 0.04859463125467300415 0.04846364632248878479 0.048332665115594863892 0.048201680183410644531 0.048070698976516723633 0.047939714044332504272 0.047808732837438583374 0.047677747905254364014 0.047546766698360443115 0.047415785491466522217 0.047284800559282302856 0.047153819352388381958 0.047022834420204162598 0.046891853213310241699 0.046760868281126022339 0.04662988707423210144 0.046498905867338180542 0.046367920935153961182 0.046236939728260040283 0.046105954796075820923 0.045974973589181900024 0.045843988656997680664 0.045713007450103759766
0.050559371709823608398 0.0504283905029296875 0.05029740557074546814 0.050166424363851547241 0.050035439431667327881 0.049904458224773406982 0.049773473292589187622 0.049642492085695266724 0.049511510878801345825 0.049380525946617126465 0.049249544739723205566 0.049118559807538986206 0.048987578600645065308 0.048856593668460845947 0.048725612461566925049 0.04859463125467300415 0.04846364632248878479 0.048332665115594863892 0.048201680183410644531 0.048070698976516723633 0.047939714044332504272 0.047808732837438583374 0.047677747905254364014 0.047546766698360443115 0.047415785491466522217 0.047284800559282302856 0.047153819352388381958 0.047022834420204162598 0.046891853213310241699 0.046760868281126022339 0.04662988707423210144 0.046498905867338180542 0.046367920935153961182 0.046236939728260040283 0.046105954796075820923 0.045974973589181900024 0.045843988656997680664 0.045713007450103759766
0.050559371709823608398 0.0504283905029296875 0.05029740557074546814 0.050166424363851547241 0.050035439431667327881 0.049904458224773406982 0.049773473292589187622 0.049642492085695266724 0.049511510878801345825 0.049380525946617126465 0.049249544739723205566 0.049118559807538986206 0.048987578600645065308 0.048856593668460845947 0.048725612461566925049 0.04859463125467300415 0.04846364632248878479 0.048332665115594863892 0.048201680183410644531 0.048070698976516723633 0.047939714044332504272 0.047808732837438583374 0.047677747905254364014 0.047546766698360443115 0.047415785491466522217 0.047284800559282302856 0.047153819352388381958 0.047022834420204162598 0.046891853213310241699 0.046760868281126022339 0.04662988707423210144 0.046498905867338180542 0.046367920935153961182 0.046236939728260040283 0.046105954796075820923 0.045974973589181900024 0.045843988656997680664 0.045713007450103759766
0.050559371709823608398 0.0504283905029296875 0.05029740557074546814 0.050166424363851547241 0.050035439431667327881 0.049904458224773406982 0.049773473292589187622 0.049642492085695266724 0.049511510878801345825 0.049380525946617126465 0.049249544739723205566 0.049118559807538986206 0.048987578600645065308 0.048856593668460845947 0.048725612461566925049 0.04859463125467300415 0.04846364632248878479 0.048332665115594863892 0.048201680183410644531 0.048070698976516723633 0.047939714044332504272 0.047808732837438583374 0.047677747905254364014 0.047546766698360443115 0.047415785491466522217 0.047284800559282302856 0.047153819352388381958 0.047022834420204162598 0.046891853213310241699 0.046760868281126022339 0.04662988707423210144 0.046498905867338180542 0.046367920935153961182 0.046236939728260040283 0.046105954796075820923 0.045974973589181900024 0.045843988656997680664 0.045713007450103759766
0.050559371709823608398 0.0504283905029296875 0.05029740557074546814 0.050166424363851547241 0.050035439431667327881 0.049904458224773406982 0.049773473292589187622 0.049642492085695266724 0.049511510878801345825 0.049380525946617126465 0.049249544739723205566 0.049118559807538986206 0.048987578600645065308 0.048856593668460845947 0.048725612461566925049 0.04859463125467300415 0.04846364632248878479 0.048332665115594863892 0.048201680183410644531 0.048070698976516723633 0.047939714044332504272 0.047808732837438583374 0.047677747905254364014 0.047546766698360443115 0.047415785491466522217 0.047284800559282302856 0.047153819352388381958 0.047022834420204162598 0.046891853213310241699 0.046760868281126022339 0.04662988707423210144 0.046498905867338180542 0.046367920935153961182 0.046236939728260040283 0.046105954796075820923 0.045974973589181900024 0.045843988656997680664 0.045713007450103759766
0.050559371709823608398 0.0504283905029296875 0.05029740557074546814 0.050166424363851547241 0.050035439431667327881 0.049904458224773406982 0.049773473292589187622 0.049642492085695266724 0.049511510878801345825 0.049380525946617126465 0.049249544739723205566 0.049118559807538986206 0.048987578600645065308 0.048856593668460845947 0.048725612461566925049 0.04859463125467300415 0.04846364632248878479 0.048332665115594863892 0.048201680183410644531 0.048070698976516723633 0.047939714044332504272 0.047808732837438583374 0.047677747905254364014 0.047546766698360443115 0.047415785491466522217 0.047284800559282302856 0.047153819352388381958 0.047022834420204162598 0.046891853213310241699 0.046760868281126022339 0.04662988707423210144 0.046498905867338180542 0.046367920935153961182 0.046236939728260040283 0.046105954796075820923 0.045974973589181900024 0.045843988656997680664 0.045713007450103759766
