DEMs/topography_dem_split.asc
ncols        501
nrows        301
xllcorner    -0.351500000000
yllcorner    -0.451500000000
cellsize     0.003000000000
NODATA_value -9999
[rows 204 to 220 of 301, columns 0 to 37 of 501]
0.065491415560245513916 0.065360434353351593018 0.065229445695877075195 0.065098464488983154297 0.064967483282089233398 0.0648365020751953125 0.064705520868301391602 0.064574532210826873779 0.064443551003932952881 0.064312569797039031982 0.064181588590145111084 0.064050599932670593262 0.063919618725776672363 0.063788637518882751465 0.063657656311988830566 0.063526675105094909668 0.063395686447620391846 0.063264705240726470947 0.063133724033832550049 0.06300274282693862915 0.062871754169464111328 0.06274077296257019043 0.062609791755676269531 0.062478810548782348633 0.062347825616598129272 0.062216844409704208374 0.062085859477519989014 0.061954878270626068115 0.061823893338441848755 0.061692912131547927856 0.061561930924654006958 0.061430945992469787598 0.061299964785575866699 0.061168979853391647339 0.06103799864649772644 0.06090701371431350708 0.060776032507419586182 0.060645051300525665283
0.065491415560245513916 0.065360434353351593018 0.065229445695877075195 0.065098464488983154297 0.064967483282089233398 0.0648365020751953125 0.064705520868301391602 0.064574532210826873779 0.064443551003932952881 0.064312569797039031982 0.064181588590145111084 0.064050599932670593262 0.063919618725776672363 0.063788637518882751465 0.063657656311988830566 0.063526675105094909668 0.063395686447620391846 0.063264705240726470947 0.063133724033832550049 0.06300274282693862915 0.062871754169464111328 0.06274077296257019043 0.062609791755676269531 0.062478810548782348633 0.062347825616598129272 0.062216844409704208374 0.062085859477519989014 0.061954878270626068115 0.061823893338441848755 0.061692912131547927856 0.061561930924654006958 0.061430945992469787598 0.061299964785575866699 0.061168979853391647339 0.06103799864649772644 0.06090701371431350708 0.060776032507419586182 0.060645051300525665283
0.065491415560245513916 0.065360434353351593018 0.065229445695877075195 0.065098464488983154297 0.064967483282089233398 0.0648365020751953125 0.064705520868301391602 0.064574532210826873779 0.064443551003932952881 0.064312569797039031982 0.064181588590145111084 0.064050599932670593262 0.063919618725776672363 0.063788637518882751465 0.063657656311988830566 0.063526675105094909668 0.063395686447620391846 0.063264705240726470947 0.063133724033832550049 0.06300274282693862915 0.062871754169464111328 0.06274077296257019043 0.062609791755676269531 0.062478810548782348633 0.062347825616598129272 0.062216844409704208374 0.062085859477519989014 0.061954878270626068115 0.061823893338441848755 0.061692912131547927856 0.061561930924654006958 0.061430945992469787598 0.061299964785575866699 0.061168979853391647339 0.06103799864649772644 0.06090701371431350708 0.060776032507419586182 0.060645051300525665283
0.065491415560245513916 0.065360434353351593018 0.065229445695877075195 0.065098464488983154297 0.064967483282089233398 0.0648365020751953125 0.064705520868301391602 0.064574532210826873779 0.064443551003932952881 0.064312569797039031982 0.064181588590145111084 0.064050599932670593262 0.063919618725776672363 0.063788637518882751465 0.063657656311988830566 0.063526675105094909668 0.063395686447620391846 0.063264705240726470947 0.063133724033832550049 0.06300274282693862915 0.062871754169464111328 0.06274077296257019043 0.062609791755676269531 0.062478810548782348633 0.062347825616598129272 0.062216844409704208374 0.062085859477519989014 0.061954878270626068115 0.061823893338441848755 0.061692912131547927856 0.061561930924654006958 0.061430945992469787598 0.061299964785575866699 0.061168979853391647339 0.06103799864649772644 0.06090701371431350708 0.060776032507419586182 0.060645051300525665283
0.065491415560245513916 0.065360434353351593018 0.065229445695877075195 0.065098464488983154297 0.064967483282089233398 0.0648365020751953125 0.064705520868301391602 0.064574532210826873779 0.064443551003932952881 0.064312569797039031982 0.064181588590145111084 0.064050599932670593262 0.063919618725776672363 0.063788637518882751465 0.063657656311988830566 0.063526675105094909668 0.063395686447620391846 0.063264705240726470947 0.063133724033832550049 0.06300274282693862915 0.062871754169464111328 0.06274077296257019043 0.062609791755676269531 0.062478810548782348633 0.062347825616598129272 0.062216844409704208374 0.062085859477519989014 0.061954878270626068115 0.061823893338441848755 0.061692912131547927856 0.061561930924654006958 0.061430945992469787598 0.061299964785575866699 0.061168979853391647339 0.06103799864649772644 0.06090701371431350708 0.060776032507419586182 0.060645051300525665283
0.065491415560245513916 0.065360434353351593018 0.065229445695877075195 0.065098464488983154297 0.064967483282089233398 0.0648365020751953125 0.064705520868301391602 0.064574532210826873779 0.064443551003932952881 0.064312569797039031982 0.064181588590145111084 0.064050599932670593262 0.063919618725776672363 0.063788637518882751465 0.063657656311988830566 0.063526675105094909668 0.063395686447620391846 0.063264705240726470947 0.063133724033832550049 0.06300274282693862915 0.062871754169464111328 0.06274077296257019043 0.062609791755676269531 0.062478810548782348633 0.062347825616598129272 0.062216844409704208374 0.062085859477519989014 0.061954878270626068115 0.061823893338441848755 0.061692912131547927856 0.061561930924654006958 0.061430945992469787598 0.061299964785575866699 0.061168979853391647339 0.06103799864649772644 0.06090701371431350708 0.060776032507419586182 0.060645051300525665283
0.065491415560245513916 0.065360434353351593018 0.065229445695877075195 0.065098464488983154297 0.064967483282089233398 0.0648365020751953125 0.064705520868301391602 0.064574532210826873779 0.064443551003932952881 0.064312569797039031982 0.064181588590145111084 0.064050599932670593262 0.063919618725776672363 0.063788637518882751465 0.063657656311988830566 0.063526675105094909668 0.063395686447620391846 0.063264705240726470947 0.063133724033832550049 0.06300274282693862915 0.062871754169464111328 0.06274077296257019043 0.062609791755676269531 0.062478810548782348633 0.062347825616598129272 0.062216844409704208374 0.062085859477519989014 0.061954878270626068115 0.061823893338441848755 0.061692912131547927856 0.061561930924654006958 0.061430945992469787598 0.061299964785575866699 0.061168979853391647339 0.06103799864649772644 0.06090701371431350708 0.060776032507419586182 0.060645051300525665283
0.065491415560245513916 0.065360434353351593018 0.065229445695877075195 0.065098464488983154297 0.064967483282089233398 0.0648365020751953125 0.064705520868301391602 0.064574532210826873779 0.064443551003932952881 0.064312569797039031982 0.064181588590145111084 0.064050599932670593262 0.063919618725776672363 0.063788637518882751465 0.063657656311988830566 0.063526675105094909668 0.063395686447620391846 0.063264705240726470947 0.063133724033832550049 0.06300274282693862915 0.062871754169464111328 0.06274077296257019043 0.062609791755676269531 0.062478810548782348633 0.062347825616598129272 0.062216844409704208374 0.062085859477519989014 0.061954878270626068115 0.061823893338441848755 0.061692912131547927856 0.061561930924654006958 0.061430945992469787598 0.061299964785575866699 0.061168979853391647339 0.06103799864649772644 0.06090701371431350708 0.060776032507419586182 0.060645051300525665283
0.065491415560245513916 0.065360434353351593018 0.065229445695877075195 0.065098464488983154297 0.064967483282089233398 0.0648365020751953125 0.064705520868301391602 0.064574532210826873779 0.064443551003932952881 0.064312569797039031982 0.064181588590145111084 0.064050599932670593262 0.063919618725776672363 0.063788637518882751465 0.063657656311988830566 0.063526675105094909668 0.063395686447620391846 0.063264705240726470947 0.063133724033832550049 0.06300274282693862915 0.062871754169464111328 0.06274077296257019043 0.062609791755676269531 0.062478810548782348633 0.062347825616598129272 0.062216844409704208374 0.062085859477519989014 0.061954878270626068115 0.061823893338441848755 0.061692912131547927856 0.061561930924654006958 0.061430945992469787598 0.061299964785575866699 0.061168979853391647339 0.06103799864649772644 0.06090701371431350708 0.060776032507419586182 0.060645051300525665283
0.065491415560245513916 0.065360434353351593018 0.065229445695877075195 0.065098464488983154297 0.064967483282089233398 0.0648365020751953125 0.064705520868301391602 0.064574532210826873779 0.064443551003932952881 0.064312569797039031982 0.064181588590145111084 0.064050599932670593262 0.063919618725776672363 0.063788637518882751465 0.063657656311988830566 0.063526675105094909668 0.063395686447620391846 0.063264705240726470947 0.063133724033832550049 0.06300274282693862915 0.062871754169464111328 0.06274077296257019043 0.062609791755676269531 0.062478810548782348633 0.062347825616598129272 0.062216844409704208374 0.062085859477519989014 0.061954878270626068115 0.061823893338441848755 0.061692912131547927856 0.061561930924654006958 0.061430945992469787598 0.061299964785575866699 0.061168979853391647339 0.06103799864649772644 0.06090701371431350708 0.060776032507419586182 0.060645051300525665283
0.065491415560245513916 0.065360434353351593018 0.065229445695877075195 0.065098464488983154297 0.064967483282089233398 0.0648365020751953125 0.064705520868301391602 0.064574532210826873779 0.064443551003932952881 0.064312569797039031982 0.064181588590145111084 0.064050599932670593262 0.063919618725776672363 0.063788637518882751465 0.063657656311988830566 0.063526675105094909668 0.063395686447620391846 0.063264705240726470947 0.063133724033832550049 0.06300274282693862915 0.062871754169464111328 0.06274077296257019043 0.062609791755676269531 0.062478810548782348633 0.062347825616598129272 0.062216844409704208374 0.062085859477519989014 0.061954878270626068115 0.061823893338441848755 0.061692912131547927856 0.061561930924654006958 0.061430945992469787598 0.061299964785575866699 0.061168979853391647339 0.06103799864649772644 0.06090701371431350708 0.060776032507419586182 0.060645051300525665283
0.065491415560245513916 0.065360434353351593018 0.065229445695877075195 0.065098464488983154297 0.064967483282089233398 0.0648365020751953125 0.064705520868301391602 0.064574532210826873779 0.064443551003932952881 0.064312569797039031982 0.064181588590145111084 0.064050599932670593262 0.063919618725776672363 0.063788637518882751465 0.063657656311988830566 0.063526675105094909668 0.063395686447620391846 0.063264705240726470947 0.063133724033832550049 0.06300274282693862915 0.062871754169464111328 0.06274077296257019043 0.062609791755676269531 0.062478810548782348633 0.062347825616598129272 0.062216844409704208374 0.062085859477519989014 0.061954878270626068115 0.061823893338441848755 0.061692912131547927856 0.061561930924654006958 0.061430945992469787598 0.061299964785575866699 0.061168979853391647339 0.06103799864649772644 0.06090701371431350708 0.060776032507419586182 0.060645051300525665283
0.065491415560245513916 0.065360434353351593018 0.065229445695877075195 0.065098464488983154297 0.064967483282089233398 0.0648365020751953125 0.064705520868301391602 0.064574532210826873779 0.064443551003932952881 0.064312569797039031982 0.064181588590145111084 0.064050599932670593262 0.063919618725776672363 0.063788637518882751465 0.063657656311988830566 0.063526675105094909668 0.063395686447620391846 0.063264705240726470947 0.063133724033832550049 0.06300274282693862915 0.062871754169464111328 0.06274077296257019043 0.062609791755676269531 0.062478810548782348633 0.062347825616598129272 0.062216844409704208374 0.062085859477519989014 0.061954878270626068115 0.061823893338441848755 0.061692912131547927856 0.061561930924654006958 0.061430945992469787598 0.061299964785575866699 0.061168979853391647339 0.06103799864649772644 0.06090701371431350708 0.060776032507419586182 0.060645051300525665283
0.065491415560245513916 0.065360434353351593018 0.065229445695877075195 0.065098464488983154297 0.064967483282089233398 0.0648365020751953125 0.064705520868301391602 0.064574532210826873779 0.064443551003932952881 0.064312569797039031982 0.064181588590145111084 0.064050599932670593262 0.063919618725776672363 0.063788637518882751465 0.063657656311988830566 0.063526675105094909668 0.063395686447620391846 0.063264705240726470947 0.063133724033832550049 0.06300274282693862915 0.062871754169464111328 0.06274077296257019043 0.062609791755676269531 0.062478810548782348633 0.062347825616598129272 0.062216844409704208374 0.062085859477519989014 0.061954878270626068115 0.061823893338441848755 0.061692912131547927856 0.061561930924654006958 0.061430945992469787598 0.061299964785575866699 0.061168979853391647339 0.06103799864649772644 0.06090701371431350708 0.060776032507419586182 0.060645051300525665283
0.065491415560245513916 0.065360434353351593018 0.065229445695877075195 0.065098464488983154297 0.064967483282089233398 0.0648365020751953125 0.064705520868301391602 0.064574532210826873779 0.064443551003932952881 0.064312569797039031982 0.064181588590145111084 0.064050599932670593262 0.063919618725776672363 0.063788637518882751465 0.063657656311988830566 0.063526675105094909668 0.063395686447620391846 0.063264705240726470947 0.063133724033832550049 0.06300274282693862915 0.062871754169464111328 0.06274077296257019043 0.062609791755676269531 0.062478810548782348633 0.062347825616598129272 0.062216844409704208374 0.062085859477519989014 0.061954878270626068115 0.061823893338441848755 0.061692912131547927856 0.061561930924654006958 0.061430945992469787598 0.061299964785575866699 0.061168979853391647339 0.06103799864649772644 0.06090701371431350708 0.060776032507419586182 0.060645051300525665283
0.065491415560245513916 0.065360434353351593018 0.065229445695877075195 0.065098464488983154297 0.064967483282089233398 0.0648365020751953125 0.064705520868301391602 0.064574532210826873779 0.064443551003932952881 0.064312569797039031982 0.064181588590145111084 0.064050599932670593262 0.063919618725776672363 0.063788637518882751465 0.063657656311988830566 0.063526675105094909668 0.063395686447620391846 0.063264705240726470947 0.063133724033832550049 0.06300274282693862915 0.062871754169464111328 0.06274077296257019043 0.062609791755676269531 0.062478810548782348633 0.062347825616598129272 0.062216844409704208374 0.062085859477519989014 0.061954878270626068115 0.061823893338441848755 0.061692912131547927856 0.061561930924654006958 0.061430945992469787598 0.061299964785575866699 0.061168979853391647339 0.06103799864649772644 0.06090701371431350708 0.060776032507419586182 0.060645051300525665283
0.065491415560245513916 0.065360434353351593018 0.065229445695877075195 0.065098464488983154297 0.064967483282089233398 0.0648365020751953125 0.064705520868301391602 0.064574532210826873779 0.064443551003932952881 0.064312569797039031982 0.064181588590145111084 0.064050599932670593262 0.063919618725776672363 0.063788637518882751465 0.063657656311988830566 0.063526675105094909668 0.063395686447620391846 0.063264705240726470947 0.063133724033832550049 0.06300274282693862915 0.062871754169464111328 0.06274077296257019043 0.062609791755676269531 0.062478810548782348633 0.062347825616598129272 0.062216844409704208374 0.062085859477519989014 0.061954878270626068115 0.061823893338441848755 0.061692912131547927856 0.061561930924654006958 0.061430945992469787598 0.061299964785575866699 0.061168979853391647339 0.06103799864649772644 0.06090701371431350708 0.060776032507419586182 0.060645051300525665283
