DEMs/topography_dem_inc.asc
ncols     501
nrows    301
xllcorner -0.3515
yllcorner -0.4515
cellsize 0.003
NODATA_value -9999
[rows 264 to 285 of 301, columns 288 to 335 of 501]
0.027768359690 0.027637376861 0.027506394032 0.027375411204 0.027244428375 0.027113445546 0.026982462717 0.026851479889 0.026720497060 0.026589514231 0.026458531403 0.026327548574 0.026196565745 0.026065582916 0.025934600088 0.025803617259 0.025672634430 0.025541651601 0.025410668773 0.025279685944 0.025148703115 0.025017720287 0.024886737458 0.024755754629 0.024624771800 0.024493788972 0.024362806143 0.024231823314 0.024100840485 0.023969857657 0.023838874828 0.023707891999 0.023576909171 0.023445926342 0.023314943513 0.023183960684 0.023052977856 0.022921995027 0.022791012198 0.022660029370 0.022529046541 0.022398063712 0.022267080883 0.022136098055 0.022005115226 0.021874132397 0.021743149568 0.021612166740
0.027768359690 0.027637376861 0.027506394032 0.027375411204 0.027244428375 0.027113445546 0.026982462717 0.026851479889 0.026720497060 0.026589514231 0.026458531403 0.026327548574 0.026196565745 0.026065582916 0.025934600088 0.025803617259 0.025672634430 0.025541651601 0.025410668773 0.025279685944 0.025148703115 0.025017720287 0.024886737458 0.024755754629 0.024624771800 0.024493788972 0.024362806143 0.024231823314 0.024100840485 0.023969857657 0.023838874828 0.023707891999 0.023576909171 0.023445926342 0.023314943513 0.023183960684 0.023052977856 0.022921995027 0.022791012198 0.022660029370 0.022529046541 0.022398063712 0.022267080883 0.022136098055 0.022005115226 0.021874132397 0.021743149568 0.021612166740
0.027768359690 0.027637376861 0.027506394032 0.027375411204 0.027244428375 0.027113445546 0.026982462717 0.026851479889 0.026720497060 0.026589514231 0.026458531403 0.026327548574 0.026196565745 0.026065582916 0.025934600088 0.025803617259 0.025672634430 0.025541651601 0.025410668773 0.025279685944 0.025148703115 0.025017720287 0.024886737458 0.024755754629 0.024624771800 0.024493788972 0.024362806143 0.024231823314 0.024100840485 0.023969857657 0.023838874828 0.023707891999 0.023576909171 0.023445926342 0.023314943513 0.023183960684 0.023052977856 0.022921995027 0.022791012198 0.022660029370 0.022529046541 0.022398063712 0.022267080883 0.022136098055 0.022005115226 0.021874132397 0.021743149568 0.021612166740
0.027768359690 0.027637376861 0.027506394032 0.027375411204 0.027244428375 0.027113445546 0.026982462717 0.026851479889 0.026720497060 0.026589514231 0.026458531403 0.026327548574 0.026196565745 0.026065582916 0.025934600088 0.025803617259 0.025672634430 0.025541651601 0.025410668773 0.025279685944 0.025148703115 0.025017720287 0.024886737458 0.024755754629 0.024624771800 0.024493788972 0.024362806143 0.024231823314 0.024100840485 0.023969857657 0.023838874828 0.023707891999 0.023576909171 0.023445926342 0.023314943513 0.023183960684 0.023052977856 0.022921995027 0.022791012198 0.022660029370 0.022529046541 0.022398063712 0.022267080883 0.022136098055 0.022005115226 0.021874132397 0.021743149568 0.021612166740
0.027768359690 0.027637376861 0.027506394032 0.027375411204 0.027244428375 0.027113445546 0.026982462717 0.026851479889 0.026720497060 0.026589514231 0.026458531403 0.026327548574 0.026196565745 0.026065582916 0.025934600088 0.025803617259 0.025672634430 0.025541651601 0.025410668773 0.025279685944 0.025148703115 0.025017720287 0.024886737458 0.024755754629 0.024624771800 0.024493788972 0.024362806143 0.024231823314 0.024100840485 0.023969857657 0.023838874828 0.023707891999 0.023576909171 0.023445926342 0.023314943513 0.023183960684 0.023052977856 0.022921995027 0.022791012198 0.022660029370 0.022529046541 0.022398063712 0.022267080883 0.022136098055 0.022005115226 0.021874132397 0.021743149568 0.021612166740
0.027768359690 0.027637376861 0.027506394032 0.027375411204 0.027244428375 0.027113445546 0.026982462717 0.026851479889 0.026720497060 0.026589514231 0.026458531403 0.026327548574 0.026196565745 0.026065582916 0.025934600088 0.025803617259 0.025672634430 0.025541651601 0.025410668773 0.025279685944 0.025148703115 0.025017720287 0.024886737458 0.024755754629 0.024624771800 0.024493788972 0.024362806143 0.024231823314 0.024100840485 0.023969857657 0.023838874828 0.023707891999 0.023576909171 0.023445926342 0.023314943513 0.023183960684 0.023052977856 0.022921995027 0.022791012198 0.022660029370 0.022529046541 0.022398063712 0.022267080883 0.022136098055 0.022005115226 0.021874132397 0.021743149568 0.021612166740
0.027768359690 0.027637376861 0.027506394032 0.027375411204 0.027244428375 0.027113445546 0.026982462717 0.026851479889 0.026720497060 0.026589514231 0.026458531403 0.026327548574 0.026196565745 0.026065582916 0.025934600088 0.025803617259 0.025672634430 0.025541651601 0.025410668773 0.025279685944 0.025148703115 0.025017720287 0.024886737458 0.024755754629 0.024624771800 0.024493788972 0.024362806143 0.024231823314 0.024100840485 0.023969857657 0.023838874828 0.023707891999 0.023576909171 0.023445926342 0.023314943513 0.023183960684 0.023052977856 0.022921995027 0.022791012198 0.022660029370 0.022529046541 0.022398063712 0.022267080883 0.022136098055 0.022005115226 0.021874132397 0.021743149568 0.021612166740
0.027768359690 0.027637376861 0.027506394032 0.027375411204 0.027244428375 0.027113445546 0.026982462717 0.026851479889 0.026720497060 0.026589514231 0.026458531403 0.026327548574 0.026196565745 0.026065582916 0.025934600088 0.025803617259 0.025672634430 0.025541651601 0.025410668773 0.025279685944 0.025148703115 0.025017720287 0.024886737458 0.024755754629 0.024624771800 0.024493788972 0.024362806143 0.024231823314 0.024100840485 0.023969857657 0.023838874828 0.023707891999 0.023576909171 0.023445926342 0.023314943513 0.023183960684 0.023052977856 0.022921995027 0.022791012198 0.022660029370 0.022529046541 0.022398063712 0.022267080883 0.022136098055 0.022005115226 0.021874132397 0.021743149568 0.021612166740
0.027768359690 0.027637376861 0.027506394032 0.027375411204 0.027244428375 0.027113445546 0.026982462717 0.026851479889 0.026720497060 0.026589514231 0.026458531403 0.026327548574 0.026196565745 0.026065582916 0.025934600088 0.025803617259 0.025672634430 0.025541651601 0.025410668773 0.025279685944 0.025148703115 0.025017720287 0.024886737458 0.024755754629 0.024624771800 0.024493788972 0.024362806143 0.024231823314 0.024100840485 0.023969857657 0.023838874828 0.023707891999 0.023576909171 0.023445926342 0.023314943513 0.023183960684 0.023052977856 0.022921995027 0.022791012198 0.022660029370 0.022529046541 0.022398063712 0.022267080883 0.022136098055 0.022005115226 0.021874132397 0.021743149568 0.021612166740
0.027768359690 0.027637376861 0.027506394032 0.027375411204 0.027244428375 0.027113445546 0.026982462717 0.026851479889 0.026720497060 0.026589514231 0.026458531403 0.026327548574 0.026196565745 0.026065582916 0.025934600088 0.025803617259 0.025672634430 0.025541651601 0.025410668773 0.025279685944 0.025148703115 0.025017720287 0.024886737458 0.024755754629 0.024624771800 0.024493788972 0.024362806143 0.024231823314 0.024100840485 0.023969857657 0.023838874828 0.023707891999 0.023576909171 0.023445926342 0.023314943513 0.023183960684 0.023052977856 0.022921995027 0.022791012198 0.022660029370 0.022529046541 0.022398063712 0.022267080883 0.022136098055 0.022005115226 0.021874132397 0.021743149568 0.021612166740
0.027768359690 0.027637376861 0.027506394032 0.027375411204 0.027244428375 0.027113445546 0.026982462717 0.026851479889 0.026720497060 0.026589514231 0.026458531403 0.026327548574 0.026196565745 0.026065582916 0.025934600088 0.025803617259 0.025672634430 0.025541651601 0.025410668773 0.025279685944 0.025148703115 0.025017720287 0.024886737458 0.024755754629 0.024624771800 0.024493788972 0.024362806143 0.024231823314 0.024100840485 0.023969857657 0.023838874828 0.023707891999 0.023576909171 0.023445926342 0.023314943513 0.023183960684 0.023052977856 0.022921995027 0.022791012198 0.022660029370 0.022529046541 0.022398063712 0.022267080883 0.022136098055 0.022005115226 0.021874132397 0.021743149568 0.021612166740
0.027768359690 0.027637376861 0.027506394032 0.027375411204 0.027244428375 0.027113445546 0.026982462717 0.026851479889 0.026720497060 0.026589514231 0.026458531403 0.026327548574 0.026196565745 0.026065582916 0.025934600088 0.025803617259 0.025672634430 0.025541651601 0.025410668773 0.025279685944 0.025148703115 0.025017720287 0.024886737458 0.024755754629 0.024624771800 0.024493788972 0.024362806143 0.024231823314 0.024100840485 0.023969857657 0.023838874828 0.023707891999 0.023576909171 0.023445926342 0.023314943513 0.023183960684 0.023052977856 0.022921995027 0.022791012198 0.022660029370 0.022529046541 0.022398063712 0.022267080883 0.022136098055 0.022005115226 0.021874132397 0.021743149568 0.021612166740
0.027768359690 0.027637376861 0.027506394032 0.027375411204 0.027244428375 0.027113445546 0.026982462717 0.026851479889 0.026720497060 0.026589514231 0.026458531403 0.026327548574 0.026196565745 0.026065582916 0.025934600088 0.025803617259 0.025672634430 0.025541651601 0.025410668773 0.025279685944 0.025148703115 0.025017720287 0.024886737458 0.024755754629 0.024624771800 0.024493788972 0.024362806143 0.024231823314 0.024100840485 0.023969857657 0.023838874828 0.023707891999 0.023576909171 0.023445926342 0.023314943513 0.023183960684 0.023052977856 0.022921995027 0.022791012198 0.022660029370 0.022529046541 0.022398063712 0.022267080883 0.022136098055 0.022005115226 0.021874132397 0.021743149568 0.021612166740
0.027768359690 0.027637376861 0.027506394032 0.027375411204 0.027244428375 0.027113445546 0.026982462717 0.026851479889 0.026720497060 0.026589514231 0.026458531403 0.026327548574 0.026196565745 0.026065582916 0.025934600088 0.025803617259 0.025672634430 0.025541651601 0.025410668773 0.025279685944 0.025148703115 0.025017720287 0.024886737458 0.024755754629 0.024624771800 0.024493788972 0.024362806143 0.024231823314 0.024100840485 0.023969857657 0.023838874828 0.023707891999 0.023576909171 0.023445926342 0.023314943513 0.023183960684 0.023052977856 0.022921995027 0.022791012198 0.022660029370 0.022529046541 0.022398063712 0.022267080883 0.022136098055 0.022005115226 0.021874132397 0.021743149568 0.021612166740
0.027768359690 0.027637376861 0.027506394032 0.027375411204 0.027244428375 0.027113445546 0.026982462717 0.026851479889 0.026720497060 0.026589514231 0.026458531403 0.026327548574 0.026196565745 0.026065582916 0.025934600088 0.025803617259 0.025672634430 0.025541651601 0.025410668773 0.025279685944 0.025148703115 0.025017720287 0.024886737458 0.024755754629 0.024624771800 0.024493788972 0.024362806143 0.024231823314 0.024100840485 0.023969857657 0.023838874828 0.023707891999 0.023576909171 0.023445926342 0.023314943513 0.023183960684 0.023052977856 0.022921995027 0.022791012198 0.022660029370 0.022529046541 0.022398063712 0.022267080883 0.022136098055 0.022005115226 0.021874132397 0.021743149568 0.021612166740
0.027768359690 0.027637376861 0.027506394032 0.027375411204 0.027244428375 0.027113445546 0.026982462717 0.026851479889 0.026720497060 0.026589514231 0.026458531403 0.026327548574 0.026196565745 0.026065582916 0.025934600088 0.025803617259 0.025672634430 0.025541651601 0.025410668773 0.025279685944 0.025148703115 0.025017720287 0.024886737458 0.024755754629 0.024624771800 0.024493788972 0.024362806143 0.024231823314 0.024100840485 0.023969857657 0.023838874828 0.023707891999 0.023576909171 0.023445926342 0.023314943513 0.023183960684 0.023052977856 0.022921995027 0.022791012198 0.022660029370 0.022529046541 0.022398063712 0.022267080883 0.022136098055 0.022005115226 0.021874132397 0.021743149568 0.021612166740
0.027768359690 0.027637376861 0.027506394032 0.027375411204 0.027244428375 0.027113445546 0.026982462717 0.026851479889 0.026720497060 0.026589514231 0.026458531403 0.026327548574 0.026196565745 0.026065582916 0.025934600088 0.025803617259 0.025672634430 0.025541651601 0.025410668773 0.025279685944 0.025148703115 0.025017720287 0.024886737458 0.024755754629 0.024624771800 0.024493788972 0.024362806143 0.024231823314 0.024100840485 0.023969857657 0.023838874828 0.023707891999 0.023576909171 0.023445926342 0.023314943513 0.023183960684 0.023052977856 0.022921995027 0.022791012198 0.022660029370 0.022529046541 0.022398063712 0.022267080883 0.022136098055 0.022005115226 0.021874132397 0.021743149568 0.021612166740
0.027768359690 0.027637376861 0.027506394032 0.027375411204 0.027244428375 0.027113445546 0.026982462717 0.026851479889 0.026720497060 0.026589514231 0.026458531403 0.026327548574 0.026196565745 0.026065582916 0.025934600088 0.025803617259 0.025672634430 0.025541651601 0.025410668773 0.025279685944 0.025148703115 0.025017720287 0.024886737458 0.024755754629 0.024624771800 0.024493788972 0.024362806143 0.024231823314 0.024100840485 0.023969857657 0.023838874828 0.023707891999 0.023576909171 0.023445926342 0.023314943513 0.023183960684 0.023052977856 0.022921995027 0.022791012198 0.022660029370 0.022529046541 0.022398063712 0.022267080883 0.022136098055 0.022005115226 0.021874132397 0.021743149568 0.021612166740
0.027768359690 0.027637376861 0.027506394032 0.027375411204 0.027244428375 0.027113445546 0.026982462717 0.026851479889 0.026720497060 0.026589514231 0.026458531403 0.026327548574 0.026196565745 0.026065582916 0.025934600088 0.025803617259 0.025672634430 0.025541651601 0.025410668773 0.025279685944 0.025148703115 0.025017720287 0.024886737458 0.024755754629 0.024624771800 0.024493788972 0.024362806143 0.024231823314 0.024100840485 0.023969857657 0.023838874828 0.023707891999 0.023576909171 0.023445926342 0.023314943513 0.023183960684 0.023052977856 0.022921995027 0.022791012198 0.022660029370 0.022529046541 0.022398063712 0.022267080883 0.022136098055 0.022005115226 0.021874132397 0.021743149568 0.021612166740
0.027768359690 0.027637376861 0.027506394032 0.027375411204 0.027244428375 0.027113445546 0.026982462717 0.026851479889 0.026720497060 0.026589514231 0.026458531403 0.026327548574 0.026196565745 0.026065582916 0.025934600088 0.025803617259 0.025672634430 0.025541651601 0.025410668773 0.025279685944 0.025148703115 0.025017720287 0.024886737458 0.024755754629 0.024624771800 0.024493788972 0.024362806143 0.024231823314 0.024100840485 0.023969857657 0.023838874828 0.023707891999 0.023576909171 0.023445926342 0.023314943513 0.023183960684 0.023052977856 0.022921995027 0.022791012198 0.022660029370 0.022529046541 0.022398063712 0.022267080883 0.022136098055 0.022005115226 0.021874132397 0.021743149568 0.021612166740
0.027768359690 0.027637376861 0.027506394032 0.027375411204 0.027244428375 0.027113445546 0.026982462717 0.026851479889 0.026720497060 0.026589514231 0.026458531403 0.026327548574 0.026196565745 0.026065582916 0.025934600088 0.025803617259 0.025672634430 0.025541651601 0.025410668773 0.025279685944 0.025148703115 0.025017720287 0.024886737458 0.024755754629 0.024624771800 0.024493788972 0.024362806143 0.024231823314 0.024100840485 0.023969857657 0.023838874828 0.023707891999 0.023576909171 0.023445926342 0.023314943513 0.023183960684 0.023052977856 0.022921995027 0.022791012198 0.022660029370 0.022529046541 0.022398063712 0.022267080883 0.022136098055 0.022005115226 0.021874132397 0.021743149568 0.021612166740
0.027768359690 0.027637376861 0.027506394032 0.027375411204 0.027244428375 0.027113445546 0.026982462717 0.026851479889 0.026720497060 0.026589514231 0.026458531403 0.026327548574 0.026196565745 0.026065582916 0.025934600088 0.025803617259 0.025672634430 0.025541651601 0.025410668773 0.025279685944 0.025148703115 0.025017720287 0.024886737458 0.024755754629 0.024624771800 0.024493788972 0.024362806143 0.024231823314 0.024100840485 0.023969857657 0.023838874828 0.023707891999 0.023576909171 0.023445926342 0.023314943513 0.023183960684 0.023052977856 0.022921995027 0.022791012198 0.022660029370 0.022529046541 0.022398063712 0.022267080883 0.022136098055 0.022005115226 0.021874132397 0.021743149568 0.021612166740
