DEMs/topography_dem_split.asc
ncols        501
nrows        301
xllcorner    -0.351500000000
yllcorner    -0.451500000000
cellsize     0.003000000000
NODATA_value -9999
[rows 136 to 152 of 301, columns 190 to 227 of 501]
0.040604677051305770874 0.040473695844411849976 0.040342710912227630615 0.040211729705333709717 0.040080744773149490356 0.039949763566255569458 0.039818778634071350098 0.039687797427177429199 0.039556812494993209839 0.03942583128809928894 0.039294850081205368042 0.039163865149021148682 0.039032883942127227783 0.038901899009943008423 0.038770917803049087524 0.038639932870864868164 0.038508951663970947266 0.038377970457077026367 0.038246985524892807007 0.038116004317998886108 0.037985019385814666748 0.03785403817892074585 0.5 0.5 0.5 0.5 0.037199124693870544434 0.037068139761686325073 0.036937158554792404175 0.036806173622608184814 0.036675192415714263916 0.036544207483530044556 0.036413226276636123657 0.036282245069742202759 0.036151260137557983398 0.0360202789306640625 0.03588929399847984314 0.035758312791585922241
0.040604677051305770874 0.040473695844411849976 0.040342710912227630615 0.040211729705333709717 0.040080744773149490356 0.039949763566255569458 0.039818778634071350098 0.039687797427177429199 0.039556812494993209839 0.03942583128809928894 0.039294850081205368042 0.039163865149021148682 0.039032883942127227783 0.038901899009943008423 0.038770917803049087524 0.038639932870864868164 0.038508951663970947266 0.038377970457077026367 0.038246985524892807007 0.038116004317998886108 0.037985019385814666748 0.5 0.5 0.5 0.5 0.037330105900764465332 0.037199124693870544434 0.037068139761686325073 0.036937158554792404175 0.036806173622608184814 0.036675192415714263916 0.036544207483530044556 0.036413226276636123657 0.036282245069742202759 0.036151260137557983398 0.0360202789306640625 0.03588929399847984314 0.035758312791585922241
0.040604677051305770874 0.040473695844411849976 0.040342710912227630615 0.040211729705333709717 0.040080744773149490356 0.039949763566255569458 0.039818778634071350098 0.039687797427177429199 0.039556812494993209839 0.03942583128809928894 0.039294850081205368042 0.039163865149021148682 0.039032883942127227783 0.038901899009943008423 0.038770917803049087524 0.038639932870864868164 0.038508951663970947266 0.038377970457077026367 0.038246985524892807007 0.038116004317998886108 0.5 0.5 0.5 0.5 0.037461090832948684692 0.037330105900764465332 0.037199124693870544434 0.037068139761686325073 0.036937158554792404175 0.036806173622608184814 0.036675192415714263916 0.036544207483530044556 0.036413226276636123657 0.036282245069742202759 0.036151260137557983398 0.0360202789306640625 0.03588929399847984314 0.035758312791585922241
0.040604677051305770874 0.040473695844411849976 0.040342710912227630615 0.040211729705333709717 0.040080744773149490356 0.039949763566255569458 0.039818778634071350098 0.039687797427177429199 0.039556812494993209839 0.03942583128809928894 0.039294850081205368042 0.039163865149021148682 0.039032883942127227783 0.038901899009943008423 0.038770917803049087524 0.038639932870864868164 0.038508951663970947266 0.038377970457077026367 0.038246985524892807007 0.5 0.5 0.5 0.5 0.037592072039842605591 0.037461090832948684692 0.037330105900764465332 0.037199124693870544434 0.037068139761686325073 0.036937158554792404175 0.036806173622608184814 0.036675192415714263916 0.036544207483530044556 0.036413226276636123657 0.036282245069742202759 0.036151260137557983398 0.0360202789306640625 0.03588929399847984314 0.035758312791585922241
0.040604677051305770874 0.040473695844411849976 0.040342710912227630615 0.040211729705333709717 0.040080744773149490356 0.039949763566255569458 0.039818778634071350098 0.039687797427177429199 0.039556812494993209839 0.03942583128809928894 0.039294850081205368042 0.039163865149021148682 0.039032883942127227783 0.038901899009943008423 0.038770917803049087524 0.038639932870864868164 0.038508951663970947266 0.038377970457077026367 0.5 0.5 0.5 0.5 0.037723053246736526489 0.037592072039842605591 0.037461090832948684692 0.037330105900764465332 0.037199124693870544434 0.037068139761686325073 0.036937158554792404175 0.036806173622608184814 0.036675192415714263916 0.036544207483530044556 0.036413226276636123657 0.036282245069742202759 0.036151260137557983398 0.0360202789306640625 0.03588929399847984314 0.035758312791585922241
0.040604677051305770874 0.040473695844411849976 0.040342710912227630615 0.040211729705333709717 0.040080744773149490356 0.039949763566255569458 0.039818778634071350098 0.039687797427177429199 0.039556812494993209839 0.03942583128809928894 0.039294850081205368042 0.039163865149021148682 0.039032883942127227783 0.038901899009943008423 0.038770917803049087524 0.038639932870864868164 0.038508951663970947266 0.5 0.5 0.5 0.5 0.03785403817892074585 0.037723053246736526489 0.037592072039842605591 0.037461090832948684692 0.037330105900764465332 0.037199124693870544434 0.037068139761686325073 0.036937158554792404175 0.036806173622608184814 0.036675192415714263916 0.036544207483530044556 0.036413226276636123657 0.036282245069742202759 0.036151260137557983398 0.0360202789306640625 0.03588929399847984314 0.035758312791585922241
0.040604677051305770874 0.040473695844411849976 0.040342710912227630615 0.040211729705333709717 0.040080744773149490356 0.039949763566255569458 0.039818778634071350098 0.039687797427177429199 0.039556812494993209839 0.03942583128809928894 0.039294850081205368042 0.039163865149021148682 0.039032883942127227783 0.038901899009943008423 0.038770917803049087524 0.038639932870864868164 0.5 0.5 0.5 0.5 0.037985019385814666748 0.03785403817892074585 0.037723053246736526489 0.037592072039842605591 0.037461090832948684692 0.037330105900764465332 0.037199124693870544434 0.037068139761686325073 0.036937158554792404175 0.036806173622608184814 0.036675192415714263916 0.036544207483530044556 0.036413226276636123657 0.036282245069742202759 0.036151260137557983398 0.0360202789306640625 0.03588929399847984314 0.035758312791585922241
0.040604677051305770874 0.040473695844411849976 0.040342710912227630615 0.040211729705333709717 0.040080744773149490356 0.039949763566255569458 0.039818778634071350098 0.039687797427177429199 0.039556812494993209839 0.03942583128809928894 0.039294850081205368042 0.039163865149021148682 0.039032883942127227783 0.038901899009943008423 0.038770917803049087524 0.5 0.5 0.5 0.5 0.038116004317998886108 0.037985019385814666748 0.03785403817892074585 0.037723053246736526489 0.037592072039842605591 0.037461090832948684692 0.037330105900764465332 0.037199124693870544434 0.037068139761686325073 0.036937158554792404175 0.036806173622608184814 0.036675192415714263916 0.036544207483530044556 0.036413226276636123657 0.036282245069742202759 0.036151260137557983398 0.0360202789306640625 0.03588929399847984314 0.035758312791585922241
0.040604677051305770874 0.040473695844411849976 0.040342710912227630615 0.040211729705333709717 0.040080744773149490356 0.039949763566255569458 0.039818778634071350098 0.039687797427177429199 0.039556812494993209839 0.03942583128809928894 0.039294850081205368042 0.039163865149021148682 0.039032883942127227783 0.038901899009943008423 0.5 0.5 0.5 0.5 0.038246985524892807007 0.038116004317998886108 0.037985019385814666748 0.03785403817892074585 0.037723053246736526489 0.037592072039842605591 0.037461090832948684692 0.037330105900764465332 0.037199124693870544434 0.037068139761686325073 0.036937158554792404175 0.036806173622608184814 0.036675192415714263916 0.036544207483530044556 0.036413226276636123657 0.036282245069742202759 0.036151260137557983398 0.0360202789306640625 0.03588929399847984314 0.035758312791585922241
0.040604677051305770874 0.040473695844411849976 0.040342710912227630615 0.040211729705333709717 0.040080744773149490356 0.039949763566255569458 0.039818778634071350098 0.039687797427177429199 0.039556812494993209839 0.03942583128809928894 0.039294850081205368042 0.039163865149021148682 0.039032883942127227783 0.5 0.5 0.5 0.5 0.038377970457077026367 0.038246985524892807007 0.038116004317998886108 0.037985019385814666748 0.03785403817892074585 0.037723053246736526489 0.037592072039842605591 0.037461090832948684692 0.037330105900764465332 0.037199124693870544434 0.037068139761686325073 0.036937158554792404175 0.036806173622608184814 0.036675192415714263916 0.036544207483530044556 0.036413226276636123657 0.036282245069742202759 0.036151260137557983398 0.0360202789306640625 0.03588929399847984314 0.035758312791585922241
0.040604677051305770874 0.040473695844411849976 0.040342710912227630615 0.040211729705333709717 0.040080744773149490356 0.039949763566255569458 0.039818778634071350098 0.039687797427177429199 0.039556812494993209839 0.03942583128809928894 0.039294850081205368042 0.039163865149021148682 0.5 0.5 0.5 0.5 0.038508951663970947266 0.038377970457077026367 0.038246985524892807007 0.038116004317998886108 0.037985019385814666748 0.03785403817892074585 0.037723053246736526489 0.037592072039842605591 0.037461090832948684692 0.037330105900764465332 0.037199124693870544434 0.037068139761686325073 0.036937158554792404175 0.036806173622608184814 0.036675192415714263916 0.036544207483530044556 0.036413226276636123657 0.036282245069742202759 0.036151260137557983398 0.0360202789306640625 0.03588929399847984314 0.035758312791585922241
0.040604677051305770874 0.040473695844411849976 0.040342710912227630615 0.040211729705333709717 0.040080744773149490356 0.039949763566255569458 0.039818778634071350098 0.039687797427177429199 0.039556812494993209839 0.03942583128809928894 0.039294850081205368042 0.5 0.5 0.5 0.5 0.038639932870864868164 0.038508951663970947266 0.038377970457077026367 0.038246985524892807007 0.038116004317998886108 0.037985019385814666748 0.03785403817892074585 0.037723053246736526489 0.037592072039842605591 0.037461090832948684692 0.037330105900764465332 0.037199124693870544434 0.037068139761686325073 0.036937158554792404175 0.036806173622608184814 0.036675192415714263916 0.036544207483530044556 0.036413226276636123657 0.036282245069742202759 0.036151260137557983398 0.0360202789306640625 0.03588929399847984314 0.035758312791585922241
0.040604677051305770874 0.040473695844411849976 0.040342710912227630615 0.040211729705333709717 0.040080744773149490356 0.039949763566255569458 0.039818778634071350098 0.039687797427177429199 0.039556812494993209839 0.03942583128809928894 0.5 0.5 0.5 0.5 0.038770917803049087524 0.038639932870864868164 0.038508951663970947266 0.038377970457077026367 0.038246985524892807007 0.038116004317998886108 0.037985019385814666748 0.03785403817892074585 0.037723053246736526489 0.037592072039842605591 0.037461090832948684692 0.037330105900764465332 0.037199124693870544434 0.037068139761686325073 0.036937158554792404175 0.036806173622608184814 0.036675192415714263916 0.036544207483530044556 0.036413226276636123657 0.036282245069742202759 0.036151260137557983398 0.0360202789306640625 0.03588929399847984314 0.035758312791585922241
0.040604677051305770874 0.040473695844411849976 0.040342710912227630615 0.040211729705333709717 0.040080744773149490356 0.039949763566255569458 0.039818778634071350098 0.039687797427177429199 0.039556812494993209839 0.5 0.5 0.5 0.5 0.038901899009943008423 0.038770917803049087524 0.038639932870864868164 0.038508951663970947266 0.038377970457077026367 0.038246985524892807007 0.038116004317998886108 0.037985019385814666748 0.03785403817892074585 0.037723053246736526489 0.037592072039842605591 0.037461090832948684692 0.037330105900764465332 0.037199124693870544434 0.037068139761686325073 0.036937158554792404175 0.036806173622608184814 0.036675192415714263916 0.036544207483530044556 0.036413226276636123657 0.036282245069742202759 0.036151260137557983398 0.0360202789306640625 0.03588929399847984314 0.035758312791585922241
0.040604677051305770874 0.040473695844411849976 0.040342710912227630615 0.040211729705333709717 0.040080744773149490356 0.039949763566255569458 0.039818778634071350098 0.039687797427177429199 0.5 0.5 0.5 0.5 0.039032883942127227783 0.038901899009943008423 0.038770917803049087524 0.038639932870864868164 0.038508951663970947266 0.038377970457077026367 0.038246985524892807007 0.038116004317998886108 0.037985019385814666748 0.03785403817892074585 0.037723053246736526489 0.037592072039842605591 0.037461090832948684692 0.037330105900764465332 0.037199124693870544434 0.037068139761686325073 0.036937158554792404175 0.036806173622608184814 0.036675192415714263916 0.036544207483530044556 0.036413226276636123657 0.036282245069742202759 0.036151260137557983398 0.0360202789306640625 0.03588929399847984314 0.035758312791585922241
0.040604677051305770874 0.040473695844411849976 0.040342710912227630615 0.040211729705333709717 0.040080744773149490356 0.039949763566255569458 0.039818778634071350098 0.039687797427177429199 0.039556812494993209839 0.5 0.5 0.5 0.5 0.038901899009943008423 0.038770917803049087524 0.038639932870864868164 0.038508951663970947266 0.038377970457077026367 0.038246985524892807007 0.038116004317998886108 0.037985019385814666748 0.03785403817892074585 0.037723053246736526489 0.037592072039842605591 0.037461090832948684692 0.037330105900764465332 0.037199124693870544434 0.037068139761686325073 0.036937158554792404175 0.036806173622608184814 0.036675192415714263916 0.036544207483530044556 0.036413226276636123657 0.036282245069742202759 0.036151260137557983398 0.0360202789306640625 0.03588929399847984314 0.035758312791585922241
0.040604677051305770874 0.040473695844411849976 0.040342710912227630615 0.040211729705333709717 0.040080744773149490356 0.039949763566255569458 0.039818778634071350098 0.039687797427177429199 0.039556812494993209839 0.03942583128809928894 0.5 0.5 0.5 0.5 0.038770917803049087524 0.038639932870864868164 0.038508951663970947266 0.038377970457077026367 0.038246985524892807007 0.038116004317998886108 0.037985019385814666748 0.03785403817892074585 0.037723053246736526489 0.037592072039842605591 0.037461090832948684692 0.037330105900764465332 0.037199124693870544434 0.037068139761686325073 0.036937158554792404175 0.036806173622608184814 0.036675192415714263916 0.036544207483530044556 0.036413226276636123657 0.036282245069742202759 0.036151260137557983398 0.0360202789306640625 0.03588929399847984314 0.035758312791585922241
