DEMs/topography_dem_split.asc
ncols        501
nrows        301
xllcorner    -0.351500000000
yllcorner    -0.451500000000
cellsize     0.003000000000
NODATA_value -9999
[rows 272 to 288 of 301, columns 342 to 379 of 501]
0.020695287734270095825 0.020564304664731025696 0.020433321595191955566 0.020302338525652885437 0.020171355456113815308 0.020040372386574745178 0.019909389317035675049 0.019778406247496604919 0.019647425040602684021 0.019516441971063613892 0.019385458901524543762 0.019254475831985473633 0.019123492762446403503 0.018992509692907333374 0.018861526623368263245 0.018730545416474342346 0.018599562346935272217 0.018468579277396202087 0.018337596207857131958 0.018206613138318061829 0.018075630068778991699 0.01794464699923992157 0.01781366392970085144 0.017682682722806930542 0.017551699653267860413 0.017420716583728790283 0.017289733514189720154 0.017158750444650650024 0.017027767375111579895 0.016896784305572509766 0.016765801236033439636 0.016634820029139518738 0.016503836959600448608 0.016372853890061378479 0.01624187082052230835 0.01611088775098323822 0.015979904681444168091 0.015848921611905097961
0.020695287734270095825 0.020564304664731025696 0.020433321595191955566 0.020302338525652885437 0.020171355456113815308 0.020040372386574745178 0.019909389317035675049 0.019778406247496604919 0.019647425040602684021 0.019516441971063613892 0.019385458901524543762 0.019254475831985473633 0.019123492762446403503 0.018992509692907333374 0.018861526623368263245 0.018730545416474342346 0.018599562346935272217 0.018468579277396202087 0.018337596207857131958 0.018206613138318061829 0.018075630068778991699 0.01794464699923992157 0.01781366392970085144 0.017682682722806930542 0.017551699653267860413 0.017420716583728790283 0.017289733514189720154 0.017158750444650650024 0.017027767375111579895 0.016896784305572509766 0.016765801236033439636 0.016634820029139518738 0.016503836959600448608 0.016372853890061378479 0.01624187082052230835 0.01611088775098323822 0.015979904681444168091 0.015848921611905097961
0.020695287734270095825 0.020564304664731025696 0.020433321595191955566 0.020302338525652885437 0.020171355456113815308 0.020040372386574745178 0.019909389317035675049 0.019778406247496604919 0.019647425040602684021 0.019516441971063613892 0.019385458901524543762 0.019254475831985473633 0.019123492762446403503 0.018992509692907333374 0.018861526623368263245 0.018730545416474342346 0.018599562346935272217 0.018468579277396202087 0.018337596207857131958 0.018206613138318061829 0.018075630068778991699 0.01794464699923992157 0.01781366392970085144 0.017682682722806930542 0.017551699653267860413 0.017420716583728790283 0.017289733514189720154 0.017158750444650650024 0.017027767375111579895 0.016896784305572509766 0.016765801236033439636 0.016634820029139518738 0.016503836959600448608 0.016372853890061378479 0.01624187082052230835 0.01611088775098323822 0.015979904681444168091 0.015848921611905097961
0.020695287734270095825 0.020564304664731025696 0.020433321595191955566 0.020302338525652885437 0.020171355456113815308 0.020040372386574745178 0.019909389317035675049 0.019778406247496604919 0.019647425040602684021 0.019516441971063613892 0.019385458901524543762 0.019254475831985473633 0.019123492762446403503 0.018992509692907333374 0.018861526623368263245 0.018730545416474342346 0.018599562346935272217 0.018468579277396202087 0.018337596207857131958 0.018206613138318061829 0.018075630068778991699 0.01794464699923992157 0.01781366392970085144 0.017682682722806930542 0.017551699653267860413 0.017420716583728790283 0.017289733514189720154 0.017158750444650650024 0.017027767375111579895 0.016896784305572509766 0.016765801236033439636 0.016634820029139518738 0.016503836959600448608 0.016372853890061378479 0.01624187082052230835 0.01611088775098323822 0.015979904681444168091 0.015848921611905097961
0.020695287734270095825 0.020564304664731025696 0.020433321595191955566 0.020302338525652885437 0.020171355456113815308 0.020040372386574745178 0.019909389317035675049 0.019778406247496604919 0.019647425040602684021 0.019516441971063613892 0.019385458901524543762 0.019254475831985473633 0.019123492762446403503 0.018992509692907333374 0.018861526623368263245 0.018730545416474342346 0.018599562346935272217 0.018468579277396202087 0.018337596207857131958 0.018206613138318061829 0.018075630068778991699 0.01794464699923992157 0.01781366392970085144 0.017682682722806930542 0.017551699653267860413 0.017420716583728790283 0.017289733514189720154 0.017158750444650650024 0.017027767375111579895 0.016896784305572509766 0.016765801236033439636 0.016634820029139518738 0.016503836959600448608 0.016372853890061378479 0.01624187082052230835 0.01611088775098323822 0.015979904681444168091 0.015848921611905097961
0.020695287734270095825 0.020564304664731025696 0.020433321595191955566 0.020302338525652885437 0.020171355456113815308 0.020040372386574745178 0.019909389317035675049 0.019778406247496604919 0.019647425040602684021 0.019516441971063613892 0.019385458901524543762 0.019254475831985473633 0.019123492762446403503 0.018992509692907333374 0.018861526623368263245 0.018730545416474342346 0.018599562346935272217 0.018468579277396202087 0.018337596207857131958 0.018206613138318061829 0.018075630068778991699 0.01794464699923992157 0.01781366392970085144 0.017682682722806930542 0.017551699653267860413 0.017420716583728790283 0.017289733514189720154 0.017158750444650650024 0.017027767375111579895 0.016896784305572509766 0.016765801236033439636 0.016634820029139518738 0.016503836959600448608 0.016372853890061378479 0.01624187082052230835 0.01611088775098323822 0.015979904681444168091 0.015848921611905097961
0.020695287734270095825 0.020564304664731025696 0.020433321595191955566 0.020302338525652885437 0.020171355456113815308 0.020040372386574745178 0.019909389317035675049 0.019778406247496604919 0.019647425040602684021 0.019516441971063613892 0.019385458901524543762 0.019254475831985473633 0.019123492762446403503 0.018992509692907333374 0.018861526623368263245 0.018730545416474342346 0.018599562346935272217 0.018468579277396202087 0.018337596207857131958 0.018206613138318061829 0.018075630068778991699 0.01794464699923992157 0.01781366392970085144 0.017682682722806930542 0.017551699653267860413 0.017420716583728790283 0.017289733514189720154 0.017158750444650650024 0.017027767375111579895 0.016896784305572509766 0.016765801236033439636 0.016634820029139518738 0.016503836959600448608 0.016372853890061378479 0.01624187082052230835 0.01611088775098323822 0.015979904681444168091 0.015848921611905097961
0.020695287734270095825 0.020564304664731025696 0.020433321595191955566 0.020302338525652885437 0.020171355456113815308 0.020040372386574745178 0.019909389317035675049 0.019778406247496604919 0.019647425040602684021 0.019516441971063613892 0.019385458901524543762 0.019254475831985473633 0.019123492762446403503 0.018992509692907333374 0.018861526623368263245 0.018730545416474342346 0.018599562346935272217 0.018468579277396202087 0.018337596207857131958 0.018206613138318061829 0.018075630068778991699 0.01794464699923992157 0.01781366392970085144 0.017682682722806930542 0.017551699653267860413 0.017420716583728790283 0.017289733514189720154 0.017158750444650650024 0.017027767375111579895 0.016896784305572509766 0.016765801236033439636 0.016634820029139518738 0.016503836959600448608 0.016372853890061378479 0.01624187082052230835 0.01611088775098323822 0.015979904681444168091 0.015848921611905097961
0.020695287734270095825 0.020564304664731025696 0.020433321595191955566 0.020302338525652885437 0.020171355456113815308 0.020040372386574745178 0.019909389317035675049 0.019778406247496604919 0.019647425040602684021 0.019516441971063613892 0.019385458901524543762 0.019254475831985473633 0.019123492762446403503 0.018992509692907333374 0.018861526623368263245 0.018730545416474342346 0.018599562346935272217 0.018468579277396202087 0.018337596207857131958 0.018206613138318061829 0.018075630068778991699 0.01794464699923992157 0.01781366392970085144 0.017682682722806930542 0.017551699653267860413 0.017420716583728790283 0.017289733514189720154 0.017158750444650650024 0.017027767375111579895 0.016896784305572509766 0.016765801236033439636 0.016634820029139518738 0.016503836959600448608 0.016372853890061378479 0.01624187082052230835 0.01611088775098323822 0.015979904681444168091 0.015848921611905097961
0.020695287734270095825 0.020564304664731025696 0.020433321595191955566 0.020302338525652885437 0.020171355456113815308 0.020040372386574745178 0.019909389317035675049 0.019778406247496604919 0.019647425040602684021 0.019516441971063613892 0.019385458901524543762 0.019254475831985473633 0.019123492762446403503 0.018992509692907333374 0.018861526623368263245 0.018730545416474342346 0.018599562346935272217 0.018468579277396202087 0.018337596207857131958 0.018206613138318061829 0.018075630068778991699 0.01794464699923992157 0.01781366392970085144 0.017682682722806930542 0.017551699653267860413 0.017420716583728790283 0.017289733514189720154 0.017158750444650650024 0.017027767375111579895 0.016896784305572509766 0.016765801236033439636 0.016634820029139518738 0.016503836959600448608 0.016372853890061378479 0.01624187082052230835 0.01611088775098323822 0.015979904681444168091 0.015848921611905097961
0.020695287734270095825 0.020564304664731025696 0.020433321595191955566 0.020302338525652885437 0.020171355456113815308 0.020040372386574745178 0.019909389317035675049 0.019778406247496604919 0.019647425040602684021 0.019516441971063613892 0.019385458901524543762 0.019254475831985473633 0.019123492762446403503 0.018992509692907333374 0.018861526623368263245 0.018730545416474342346 0.018599562346935272217 0.018468579277396202087 0.018337596207857131958 0.018206613138318061829 0.018075630068778991699 0.01794464699923992157 0.01781366392970085144 0.017682682722806930542 0.017551699653267860413 0.017420716583728790283 0.017289733514189720154 0.017158750444650650024 0.017027767375111579895 0.016896784305572509766 0.016765801236033439636 0.016634820029139518738 0.016503836959600448608 0.016372853890061378479 0.01624187082052230835 0.01611088775098323822 0.015979904681444168091 0.015848921611905097961
0.020695287734270095825 0.020564304664731025696 0.020433321595191955566 0.020302338525652885437 0.020171355456113815308 0.020040372386574745178 0.019909389317035675049 0.019778406247496604919 0.019647425040602684021 0.019516441971063613892 0.019385458901524543762 0.019254475831985473633 0.019123492762446403503 0.018992509692907333374 0.018861526623368263245 0.018730545416474342346 0.018599562346935272217 0.018468579277396202087 0.018337596207857131958 0.018206613138318061829 0.018075630068778991699 0.01794464699923992157 0.01781366392970085144 0.017682682722806930542 0.017551699653267860413 0.017420716583728790283 0.017289733514189720154 0.017158750444650650024 0.017027767375111579895 0.016896784305572509766 0.016765801236033439636 0.016634820029139518738 0.016503836959600448608 0.016372853890061378479 0.01624187082052230835 0.01611088775098323822 0.015979904681444168091 0.015848921611905097961
0.020695287734270095825 0.020564304664731025696 0.020433321595191955566 0.020302338525652885437 0.020171355456113815308 0.020040372386574745178 0.019909389317035675049 0.019778406247496604919 0.019647425040602684021 0.019516441971063613892 0.019385458901524543762 0.019254475831985473633 0.019123492762446403503 0.018992509692907333374 0.018861526623368263245 0.018730545416474342346 0.018599562346935272217 0.018468579277396202087 0.018337596207857131958 0.018206613138318061829 0.018075630068778991699 0.01794464699923992157 0.01781366392970085144 0.017682682722806930542 0.017551699653267860413 0.017420716583728790283 0.017289733514189720154 0.017158750444650650024 0.017027767375111579895 0.016896784305572509766 0.016765801236033439636 0.016634820029139518738 0.016503836959600448608 0.016372853890061378479 0.01624187082052230835 0.01611088775098323822 0.015979904681444168091 0.015848921611905097961
0.020695287734270095825 0.020564304664731025696 0.020433321595191955566 0.020302338525652885437 0.020171355456113815308 0.020040372386574745178 0.019909389317035675049 0.019778406247496604919 0.019647425040602684021 0.019516441971063613892 0.019385458901524543762 0.019254475831985473633 0.019123492762446403503 0.018992509692907333374 0.018861526623368263245 0.018730545416474342346 0.018599562346935272217 0.018468579277396202087 0.018337596207857131958 0.018206613138318061829 0.018075630068778991699 0.01794464699923992157 0.01781366392970085144 0.017682682722806930542 0.017551699653267860413 0.017420716583728790283 0.017289733514189720154 0.017158750444650650024 0.017027767375111579895 0.016896784305572509766 0.016765801236033439636 0.016634820029139518738 0.016503836959600448608 0.016372853890061378479 0.01624187082052230835 0.01611088775098323822 0.015979904681444168091 0.015848921611905097961
0.020695287734270095825 0.020564304664731025696 0.020433321595191955566 0.020302338525652885437 0.020171355456113815308 0.020040372386574745178 0.019909389317035675049 0.019778406247496604919 0.019647425040602684021 0.019516441971063613892 0.019385458901524543762 0.019254475831985473633 0.019123492762446403503 0.018992509692907333374 0.018861526623368263245 0.018730545416474342346 0.018599562346935272217 0.018468579277396202087 0.018337596207857131958 0.018206613138318061829 0.018075630068778991699 0.01794464699923992157 0.01781366392970085144 0.017682682722806930542 0.017551699653267860413 0.017420716583728790283 0.017289733514189720154 0.017158750444650650024 0.017027767375111579895 0.016896784305572509766 0.016765801236033439636 0.016634820029139518738 0.016503836959600448608 0.016372853890061378479 0.01624187082052230835 0.01611088775098323822 0.015979904681444168091 0.015848921611905097961
0.020695287734270095825 0.020564304664731025696 0.020433321595191955566 0.020302338525652885437 0.020171355456113815308 0.020040372386574745178 0.019909389317035675049 0.019778406247496604919 0.019647425040602684021 0.019516441971063613892 0.019385458901524543762 0.019254475831985473633 0.019123492762446403503 0.018992509692907333374 0.018861526623368263245 0.018730545416474342346 0.018599562346935272217 0.018468579277396202087 0.018337596207857131958 0.018206613138318061829 0.018075630068778991699 0.01794464699923992157 0.01781366392970085144 0.017682682722806930542 0.017551699653267860413 0.017420716583728790283 0.017289733514189720154 0.017158750444650650024 0.017027767375111579895 0.016896784305572509766 0.016765801236033439636 0.016634820029139518738 0.016503836959600448608 0.016372853890061378479 0.01624187082052230835 0.01611088775098323822 0.015979904681444168091 0.015848921611905097961
0.020695287734270095825 0.020564304664731025696 0.020433321595191955566 0.020302338525652885437 0.020171355456113815308 0.020040372386574745178 0.019909389317035675049 0.019778406247496604919 0.019647425040602684021 0.019516441971063613892 0.019385458901524543762 0.019254475831985473633 0.019123492762446403503 0.018992509692907333374 0.018861526623368263245 0.018730545416474342346 0.018599562346935272217 0.018468579277396202087 0.018337596207857131958 0.018206613138318061829 0.018075630068778991699 0.01794464699923992157 0.01781366392970085144 0.017682682722806930542 0.017551699653267860413 0.017420716583728790283 0.017289733514189720154 0.017158750444650650024 0.017027767375111579895 0.016896784305572509766 0.016765801236033439636 0.016634820029139518738 0.016503836959600448608 0.016372853890061378479 0.01624187082052230835 0.01611088775098323822 0.015979904681444168091 0.015848921611905097961
