DEMs/topography_dem_inc.asc
ncols     501
nrows    301
xllcorner -0.3515
yllcorner -0.4515
cellsize 0.003
NODATA_value -9999
[rows 132 to 153 of 301, columns 96 to 143 of 501]
0.052917062805 0.052786079976 0.052655097148 0.052524114319 0.052393131490 0.052262148661 0.052131165833 0.052000183004 0.051869200175 0.051738217347 0.051607234518 0.051476251689 0.051345268860 0.051214286032 0.051083303203 0.050952320374 0.050821337546 0.050690354717 0.050559371888 0.050428389059 0.050297406231 0.050166423402 0.050035440573 0.049904457744 0.049773474916 0.049642492087 0.049511509258 0.049380526430 0.049249543601 0.049118560772 0.048987577943 0.048856595115 0.048725612286 0.048594629457 0.048463646628 0.048332663800 0.048201680971 0.048070698142 0.047939715314 0.047808732485 0.047677749656 0.047546766827 0.047415783999 0.047284801170 0.047153818341 0.047022835512 0.046891852684 0.046760869855
0.052917062805 0.052786079976 0.052655097148 0.052524114319 0.052393131490 0.052262148661 0.052131165833 0.052000183004 0.051869200175 0.051738217347 0.051607234518 0.051476251689 0.051345268860 0.051214286032 0.051083303203 0.050952320374 0.050821337546 0.050690354717 0.050559371888 0.050428389059 0.050297406231 0.050166423402 0.050035440573 0.049904457744 0.049773474916 0.049642492087 0.049511509258 0.049380526430 0.049249543601 0.049118560772 0.048987577943 0.048856595115 0.048725612286 0.048594629457 0.048463646628 0.048332663800 0.048201680971 0.048070698142 0.047939715314 0.047808732485 0.047677749656 0.047546766827 0.047415783999 0.047284801170 0.047153818341 0.047022835512 0.046891852684 0.046760869855
0.052917062805 0.052786079976 0.052655097148 0.052524114319 0.052393131490 0.052262148661 0.052131165833 0.052000183004 0.051869200175 0.051738217347 0.051607234518 0.051476251689 0.051345268860 0.051214286032 0.051083303203 0.050952320374 0.050821337546 0.050690354717 0.050559371888 0.050428389059 0.050297406231 0.050166423402 0.050035440573 0.049904457744 0.049773474916 0.049642492087 0.049511509258 0.049380526430 0.049249543601 0.049118560772 0.048987577943 0.048856595115 0.048725612286 0.048594629457 0.048463646628 0.048332663800 0.048201680971 0.048070698142 0.047939715314 0.047808732485 0.047677749656 0.047546766827 0.047415783999 0.047284801170 0.047153818341 0.047022835512 0.046891852684 0.046760869855
0.052917062805 0.052786079976 0.052655097148 0.052524114319 0.052393131490 0.052262148661 0.052131165833 0.052000183004 0.051869200175 0.051738217347 0.051607234518 0.051476251689 0.051345268860 0.051214286032 0.051083303203 0.050952320374 0.050821337546 0.050690354717 0.050559371888 0.050428389059 0.050297406231 0.050166423402 0.050035440573 0.049904457744 0.049773474916 0.049642492087 0.049511509258 0.049380526430 0.049249543601 0.049118560772 0.048987577943 0.048856595115 0.048725612286 0.048594629457 0.048463646628 0.048332663800 0.048201680971 0.048070698142 0.047939715314 0.047808732485 0.047677749656 0.047546766827 0.047415783999 0.047284801170 0.047153818341 0.047022835512 0.046891852684 0.046760869855
0.052917062805 0.052786079976 0.052655097148 0.052524114319 0.052393131490 0.052262148661 0.052131165833 0.052000183004 0.051869200175 0.051738217347 0.051607234518 0.051476251689 0.051345268860 0.051214286032 0.051083303203 0.050952320374 0.050821337546 0.050690354717 0.050559371888 0.050428389059 0.050297406231 0.050166423402 0.050035440573 0.049904457744 0.049773474916 0.049642492087 0.049511509258 0.049380526430 0.049249543601 0.049118560772 0.048987577943 0.048856595115 0.048725612286 0.048594629457 0.048463646628 0.048332663800 0.048201680971 0.048070698142 0.047939715314 0.047808732485 0.047677749656 0.047546766827 0.047415783999 0.047284801170 0.047153818341 0.047022835512 0.046891852684 0.046760869855
0.052917062805 0.052786079976 0.052655097148 0.052524114319 0.052393131490 0.052262148661 0.052131165833 0.052000183004 0.051869200175 0.051738217347 0.051607234518 0.051476251689 0.051345268860 0.051214286032 0.051083303203 0.050952320374 0.050821337546 0.050690354717 0.050559371888 0.050428389059 0.050297406231 0.050166423402 0.050035440573 0.049904457744 0.049773474916 0.049642492087 0.049511509258 0.049380526430 0.049249543601 0.049118560772 0.048987577943 0.048856595115 0.048725612286 0.048594629457 0.048463646628 0.048332663800 0.048201680971 0.048070698142 0.047939715314 0.047808732485 0.047677749656 0.047546766827 0.047415783999 0.047284801170 0.047153818341 0.047022835512 0.046891852684 0.046760869855
0.052917062805 0.052786079976 0.052655097148 0.052524114319 0.052393131490 0.052262148661 0.052131165833 0.052000183004 0.051869200175 0.051738217347 0.051607234518 0.051476251689 0.051345268860 0.051214286032 0.051083303203 0.050952320374 0.050821337546 0.050690354717 0.050559371888 0.050428389059 0.050297406231 0.050166423402 0.050035440573 0.049904457744 0.049773474916 0.049642492087 0.049511509258 0.049380526430 0.049249543601 0.049118560772 0.048987577943 0.048856595115 0.048725612286 0.048594629457 0.048463646628 0.048332663800 0.048201680971 0.048070698142 0.047939715314 0.047808732485 0.047677749656 0.047546766827 0.047415783999 0.047284801170 0.047153818341 0.047022835512 0.046891852684 0.046760869855
0.052917062805 0.052786079976 0.052655097148 0.052524114319 0.052393131490 0.052262148661 0.052131165833 0.052000183004 0.051869200175 0.051738217347 0.051607234518 0.051476251689 0.051345268860 0.051214286032 0.051083303203 0.050952320374 0.050821337546 0.050690354717 0.050559371888 0.050428389059 0.050297406231 0.050166423402 0.050035440573 0.049904457744 0.049773474916 0.049642492087 0.049511509258 0.049380526430 0.049249543601 0.049118560772 0.048987577943 0.048856595115 0.048725612286 0.048594629457 0.048463646628 0.048332663800 0.048201680971 0.048070698142 0.047939715314 0.047808732485 0.047677749656 0.047546766827 0.047415783999 0.047284801170 0.047153818341 0.047022835512 0.046891852684 0.046760869855
0.052917062805 0.052786079976 0.052655097148 0.052524114319 0.052393131490 0.052262148661 0.052131165833 0.052000183004 0.051869200175 0.051738217347 0.051607234518 0.051476251689 0.051345268860 0.051214286032 0.051083303203 0.050952320374 0.050821337546 0.050690354717 0.050559371888 0.050428389059 0.050297406231 0.050166423402 0.050035440573 0.049904457744 0.049773474916 0.049642492087 0.049511509258 0.049380526430 0.049249543601 0.049118560772 0.048987577943 0.048856595115 0.048725612286 0.048594629457 0.048463646628 0.048332663800 0.048201680971 0.048070698142 0.047939715314 0.047808732485 0.047677749656 0.047546766827 0.047415783999 0.047284801170 0.047153818341 0.047022835512 0.046891852684 0.046760869855
0.052917062805 0.052786079976 0.052655097148 0.052524114319 0.052393131490 0.052262148661 0.052131165833 0.052000183004 0.051869200175 0.051738217347 0.051607234518 0.051476251689 0.051345268860 0.051214286032 0.051083303203 0.050952320374 0.050821337546 0.050690354717 0.050559371888 0.050428389059 0.050297406231 0.050166423402 0.050035440573 0.049904457744 0.049773474916 0.049642492087 0.049511509258 0.049380526430 0.049249543601 0.049118560772 0.048987577943 0.048856595115 0.048725612286 0.048594629457 0.048463646628 0.048332663800 0.048201680971 0.048070698142 0.047939715314 0.047808732485 0.047677749656 0.047546766827 0.047415783999 0.047284801170 0.047153818341 0.047022835512 0.046891852684 0.046760869855
0.052917062805 0.052786079976 0.052655097148 0.052524114319 0.052393131490 0.052262148661 0.052131165833 0.052000183004 0.051869200175 0.051738217347 0.051607234518 0.051476251689 0.051345268860 0.051214286032 0.051083303203 0.050952320374 0.050821337546 0.050690354717 0.050559371888 0.050428389059 0.050297406231 0.050166423402 0.050035440573 0.049904457744 0.049773474916 0.049642492087 0.049511509258 0.049380526430 0.049249543601 0.049118560772 0.048987577943 0.048856595115 0.048725612286 0.048594629457 0.048463646628 0.048332663800 0.048201680971 0.048070698142 0.047939715314 0.047808732485 0.047677749656 0.047546766827 0.047415783999 0.047284801170 0.047153818341 0.047022835512 0.046891852684 0.046760869855
0.052917062805 0.052786079976 0.052655097148 0.052524114319 0.052393131490 0.052262148661 0.052131165833 0.052000183004 0.051869200175 0.051738217347 0.051607234518 0.051476251689 0.051345268860 0.051214286032 0.051083303203 0.050952320374 0.050821337546 0.050690354717 0.050559371888 0.050428389059 0.050297406231 0.050166423402 0.050035440573 0.049904457744 0.049773474916 0.049642492087 0.049511509258 0.049380526430 0.049249543601 0.049118560772 0.048987577943 0.048856595115 0.048725612286 0.048594629457 0.048463646628 0.048332663800 0.048201680971 0.048070698142 0.047939715314 0.047808732485 0.047677749656 0.047546766827 0.047415783999 0.047284801170 0.047153818341 0.047022835512 0.046891852684 0.046760869855
0.052917062805 0.052786079976 0.052655097148 0.052524114319 0.052393131490 0.052262148661 0.052131165833 0.052000183004 0.051869200175 0.051738217347 0.051607234518 0.051476251689 0.051345268860 0.051214286032 0.051083303203 0.050952320374 0.050821337546 0.050690354717 0.050559371888 0.050428389059 0.050297406231 0.050166423402 0.050035440573 0.049904457744 0.049773474916 0.049642492087 0.049511509258 0.049380526430 0.049249543601 0.049118560772 0.048987577943 0.048856595115 0.048725612286 0.048594629457 0.048463646628 0.048332663800 0.048201680971 0.048070698142 0.047939715314 0.047808732485 0.047677749656 0.047546766827 0.047415783999 0.047284801170 0.047153818341 0.047022835512 0.046891852684 0.046760869855
0.052917062805 0.052786079976 0.052655097148 0.052524114319 0.052393131490 0.052262148661 0.052131165833 0.052000183004 0.051869200175 0.051738217347 0.051607234518 0.051476251689 0.051345268860 0.051214286032 0.051083303203 0.050952320374 0.050821337546 0.050690354717 0.050559371888 0.050428389059 0.050297406231 0.050166423402 0.050035440573 0.049904457744 0.049773474916 0.049642492087 0.049511509258 0.049380526430 0.049249543601 0.049118560772 0.048987577943 0.048856595115 0.048725612286 0.048594629457 0.048463646628 0.048332663800 0.048201680971 0.048070698142 0.047939715314 0.047808732485 0.047677749656 0.047546766827 0.047415783999 0.047284801170 0.047153818341 0.047022835512 0.046891852684 0.046760869855
0.052917062805 0.052786079976 0.052655097148 0.052524114319 0.052393131490 0.052262148661 0.052131165833 0.052000183004 0.051869200175 0.051738217347 0.051607234518 0.051476251689 0.051345268860 0.051214286032 0.051083303203 0.050952320374 0.050821337546 0.050690354717 0.050559371888 0.050428389059 0.050297406231 0.050166423402 0.050035440573 0.049904457744 0.049773474916 0.049642492087 0.049511509258 0.049380526430 0.049249543601 0.049118560772 0.048987577943 0.048856595115 0.048725612286 0.048594629457 0.048463646628 0.048332663800 0.048201680971 0.048070698142 0.047939715314 0.047808732485 0.047677749656 0.047546766827 0.047415783999 0.047284801170 0.047153818341 0.047022835512 0.046891852684 0.046760869855
0.052917062805 0.052786079976 0.052655097148 0.052524114319 0.052393131490 0.052262148661 0.052131165833 0.052000183004 0.051869200175 0.051738217347 0.051607234518 0.051476251689 0.051345268860 0.051214286032 0.051083303203 0.050952320374 0.050821337546 0.050690354717 0.050559371888 0.050428389059 0.050297406231 0.050166423402 0.050035440573 0.049904457744 0.049773474916 0.049642492087 0.049511509258 0.049380526430 0.049249543601 0.049118560772 0.048987577943 0.048856595115 0.048725612286 0.048594629457 0.048463646628 0.048332663800 0.048201680971 0.048070698142 0.047939715314 0.047808732485 0.047677749656 0.047546766827 0.047415783999 0.047284801170 0.047153818341 0.047022835512 0.046891852684 0.046760869855
0.052917062805 0.052786079976 0.052655097148 0.052524114319 0.052393131490 0.052262148661 0.052131165833 0.052000183004 0.051869200175 0.051738217347 0.051607234518 0.051476251689 0.051345268860 0.051214286032 0.051083303203 0.050952320374 0.050821337546 0.050690354717 0.050559371888 0.050428389059 0.050297406231 0.050166423402 0.050035440573 0.049904457744 0.049773474916 0.049642492087 0.049511509258 0.049380526430 0.049249543601 0.049118560772 0.048987577943 0.048856595115 0.048725612286 0.048594629457 0.048463646628 0.048332663800 0.048201680971 0.048070698142 0.047939715314 0.047808732485 0.047677749656 0.047546766827 0.047415783999 0.047284801170 0.047153818341 0.047022835512 0.046891852684 0.046760869855
0.052917062805 0.052786079976 0.052655097148 0.052524114319 0.052393131490 0.052262148661 0.052131165833 0.052000183004 0.051869200175 0.051738217347 0.051607234518 0.051476251689 0.051345268860 0.051214286032 0.051083303203 0.050952320374 0.050821337546 0.050690354717 0.050559371888 0.050428389059 0.050297406231 0.050166423402 0.050035440573 0.049904457744 0.049773474916 0.049642492087 0.049511509258 0.049380526430 0.049249543601 0.049118560772 0.048987577943 0.048856595115 0.048725612286 0.048594629457 0.048463646628 0.048332663800 0.048201680971 0.048070698142 0.047939715314 0.047808732485 0.047677749656 0.047546766827 0.047415783999 0.047284801170 0.047153818341 0.047022835512 0.046891852684 0.046760869855
0.052917062805 0.052786079976 0.052655097148 0.052524114319 0.052393131490 0.052262148661 0.052131165833 0.052000183004 0.051869200175 0.051738217347 0.051607234518 0.051476251689 0.051345268860 0.051214286032 0.051083303203 0.050952320374 0.050821337546 0.050690354717 0.050559371888 0.050428389059 0.050297406231 0.050166423402 0.050035440573 0.049904457744 0.049773474916 0.049642492087 0.049511509258 0.049380526430 0.049249543601 0.049118560772 0.048987577943 0.048856595115 0.048725612286 0.048594629457 0.048463646628 0.048332663800 0.048201680971 0.048070698142 0.047939715314 0.047808732485 0.047677749656 0.047546766827 0.047415783999 0.047284801170 0.047153818341 0.047022835512 0.046891852684 0.046760869855
0.052917062805 0.052786079976 0.052655097148 0.052524114319 0.052393131490 0.052262148661 0.052131165833 0.052000183004 0.051869200175 0.051738217347 0.051607234518 0.051476251689 0.051345268860 0.051214286032 0.051083303203 0.050952320374 0.050821337546 0.050690354717 0.050559371888 0.050428389059 0.050297406231 0.050166423402 0.050035440573 0.049904457744 0.049773474916 0.049642492087 0.049511509258 0.049380526430 0.049249543601 0.049118560772 0.048987577943 0.048856595115 0.048725612286 0.048594629457 0.048463646628 0.048332663800 0.048201680971 0.048070698142 0.047939715314 0.047808732485 0.047677749656 0.047546766827 0.047415783999 0.047284801170 0.047153818341 0.047022835512 0.046891852684 0.046760869855
0.052917062805 0.052786079976 0.052655097148 0.052524114319 0.052393131490 0.052262148661 0.052131165833 0.052000183004 0.051869200175 0.051738217347 0.051607234518 0.051476251689 0.051345268860 0.051214286032 0.051083303203 0.050952320374 0.050821337546 0.050690354717 0.050559371888 0.050428389059 0.050297406231 0.050166423402 0.050035440573 0.049904457744 0.049773474916 0.049642492087 0.049511509258 0.049380526430 0.049249543601 0.049118560772 0.048987577943 0.048856595115 0.048725612286 0.048594629457 0.048463646628 0.048332663800 0.048201680971 0.048070698142 0.047939715314 0.047808732485 0.047677749656 0.047546766827 0.047415783999 0.047284801170 0.047153818341 0.047022835512 0.046891852684 0.046760869855
0.052917062805 0.052786079976 0.052655097148 0.052524114319 0.052393131490 0.052262148661 0.052131165833 0.052000183004 0.051869200175 0.051738217347 0.051607234518 0.051476251689 0.051345268860 0.051214286032 0.051083303203 0.050952320374 0.050821337546 0.050690354717 0.050559371888 0.050428389059 0.050297406231 0.050166423402 0.050035440573 0.049904457744 0.049773474916 0.049642492087 0.049511509258 0.049380526430 0.049249543601 0.049118560772 0.048987577943 0.048856595115 0.048725612286 0.048594629457 0.048463646628 0.048332663800 0.048201680971 0.048070698142 0.047939715314 0.047808732485 0.047677749656 0.047546766827 0.047415783999 0.047284801170 0.047153818341 0.047022835512 0.046891852684 0.046760869855
