DEMs/topography_dem_inc.asc
ncols     501
nrows    301
xllcorner -0.3515
yllcorner -0.4515
cellsize 0.003
NODATA_value -9999
[rows 88 to 109 of 301, columns 432 to 479 of 501]
0.008906832353 0.008775849525 0.008644866696 0.008513883867 0.008382901038 0.008251918210 0.008120935381 0.007989952552 0.007858969724 0.007727986895 0.007597004066 0.007466021237 0.007335038409 0.007204055580 0.007073072751 0.006942089922 0.006811107094 0.006680124265 0.006549141436 0.006418158608 0.006287175779 0.006156192950 0.006025210121 0.005894227293 0.005763244464 0.005632261635 0.005501278806 0.005370295978 0.005239313149 0.005108330320 0.004977347492 0.004846364663 0.004715381834 0.004584399005 0.004453416177 0.004322433348 0.004191450519 0.004060467690 0.003929484862 0.003798502033 0.003667519204 0.003536536376 0.003405553547 0.003274570718 0.003143587889 0.003012605061 0.002881622232 0.002750639403
0.008906832353 0.008775849525 0.008644866696 0.008513883867 0.008382901038 0.008251918210 0.008120935381 0.007989952552 0.007858969724 0.007727986895 0.007597004066 0.007466021237 0.007335038409 0.007204055580 0.007073072751 0.006942089922 0.006811107094 0.006680124265 0.006549141436 0.006418158608 0.006287175779 0.006156192950 0.006025210121 0.005894227293 0.005763244464 0.005632261635 0.005501278806 0.005370295978 0.005239313149 0.005108330320 0.004977347492 0.004846364663 0.004715381834 0.004584399005 0.004453416177 0.004322433348 0.004191450519 0.004060467690 0.003929484862 0.003798502033 0.003667519204 0.003536536376 0.003405553547 0.003274570718 0.003143587889 0.003012605061 0.002881622232 0.002750639403
0.008906832353 0.008775849525 0.008644866696 0.008513883867 0.008382901038 0.008251918210 0.008120935381 0.007989952552 0.007858969724 0.007727986895 0.007597004066 0.007466021237 0.007335038409 0.007204055580 0.007073072751 0.006942089922 0.006811107094 0.006680124265 0.006549141436 0.006418158608 0.006287175779 0.006156192950 0.006025210121 0.005894227293 0.005763244464 0.005632261635 0.005501278806 0.005370295978 0.005239313149 0.005108330320 0.004977347492 0.004846364663 0.004715381834 0.004584399005 0.004453416177 0.004322433348 0.004191450519 0.004060467690 0.003929484862 0.003798502033 0.003667519204 0.003536536376 0.003405553547 0.003274570718 0.003143587889 0.003012605061 0.002881622232 0.002750639403
0.008906832353 0.008775849525 0.008644866696 0.008513883867 0.008382901038 0.008251918210 0.008120935381 0.007989952552 0.007858969724 0.007727986895 0.007597004066 0.007466021237 0.007335038409 0.007204055580 0.007073072751 0.006942089922 0.006811107094 0.006680124265 0.006549141436 0.006418158608 0.006287175779 0.006156192950 0.006025210121 0.005894227293 0.005763244464 0.005632261635 0.005501278806 0.005370295978 0.005239313149 0.005108330320 0.004977347492 0.004846364663 0.004715381834 0.004584399005 0.004453416177 0.004322433348 0.004191450519 0.004060467690 0.003929484862 0.003798502033 0.003667519204 0.003536536376 0.003405553547 0.003274570718 0.003143587889 0.003012605061 0.002881622232 0.002750639403
0.008906832353 0.008775849525 0.008644866696 0.008513883867 0.008382901038 0.008251918210 0.008120935381 0.007989952552 0.007858969724 0.007727986895 0.007597004066 0.007466021237 0.007335038409 0.007204055580 0.007073072751 0.006942089922 0.006811107094 0.006680124265 0.006549141436 0.006418158608 0.006287175779 0.006156192950 0.006025210121 0.005894227293 0.005763244464 0.005632261635 0.005501278806 0.005370295978 0.005239313149 0.005108330320 0.004977347492 0.004846364663 0.004715381834 0.004584399005 0.004453416177 0.004322433348 0.004191450519 0.004060467690 0.003929484862 0.003798502033 0.003667519204 0.003536536376 0.003405553547 0.003274570718 0.003143587889 0.003012605061 0.002881622232 0.002750639403
0.008906832353 0.008775849525 0.008644866696 0.008513883867 0.008382901038 0.008251918210 0.008120935381 0.007989952552 0.007858969724 0.007727986895 0.007597004066 0.007466021237 0.007335038409 0.007204055580 0.007073072751 0.006942089922 0.006811107094 0.006680124265 0.006549141436 0.006418158608 0.006287175779 0.006156192950 0.006025210121 0.005894227293 0.005763244464 0.005632261635 0.005501278806 0.005370295978 0.005239313149 0.005108330320 0.004977347492 0.004846364663 0.004715381834 0.004584399005 0.004453416177 0.004322433348 0.004191450519 0.004060467690 0.003929484862 0.003798502033 0.003667519204 0.003536536376 0.003405553547 0.003274570718 0.003143587889 0.003012605061 0.002881622232 0.002750639403
0.008906832353 0.008775849525 0.008644866696 0.008513883867 0.008382901038 0.008251918210 0.008120935381 0.007989952552 0.007858969724 0.007727986895 0.007597004066 0.007466021237 0.007335038409 0.007204055580 0.007073072751 0.006942089922 0.006811107094 0.006680124265 0.006549141436 0.006418158608 0.006287175779 0.006156192950 0.006025210121 0.005894227293 0.005763244464 0.005632261635 0.005501278806 0.005370295978 0.005239313149 0.005108330320 0.004977347492 0.004846364663 0.004715381834 0.004584399005 0.004453416177 0.004322433348 0.004191450519 0.004060467690 0.003929484862 0.003798502033 0.003667519204 0.003536536376 0.003405553547 0.003274570718 0.003143587889 0.003012605061 0.002881622232 0.002750639403
0.008906832353 0.008775849525 0.008644866696 0.008513883867 0.008382901038 0.008251918210 0.008120935381 0.007989952552 0.007858969724 0.007727986895 0.007597004066 0.007466021237 0.007335038409 0.007204055580 0.007073072751 0.006942089922 0.006811107094 0.006680124265 0.006549141436 0.006418158608 0.006287175779 0.006156192950 0.006025210121 0.005894227293 0.005763244464 0.005632261635 0.005501278806 0.005370295978 0.005239313149 0.005108330320 0.004977347492 0.004846364663 0.004715381834 0.004584399005 0.004453416177 0.004322433348 0.004191450519 0.004060467690 0.003929484862 0.003798502033 0.003667519204 0.003536536376 0.003405553547 0.003274570718 0.003143587889 0.003012605061 0.002881622232 0.002750639403
0.008906832353 0.008775849525 0.008644866696 0.008513883867 0.008382901038 0.008251918210 0.008120935381 0.007989952552 0.007858969724 0.007727986895 0.007597004066 0.007466021237 0.007335038409 0.007204055580 0.007073072751 0.006942089922 0.006811107094 0.006680124265 0.006549141436 0.006418158608 0.006287175779 0.006156192950 0.006025210121 0.005894227293 0.005763244464 0.005632261635 0.005501278806 0.005370295978 0.005239313149 0.005108330320 0.004977347492 0.004846364663 0.004715381834 0.004584399005 0.004453416177 0.004322433348 0.004191450519 0.004060467690 0.003929484862 0.003798502033 0.003667519204 0.003536536376 0.003405553547 0.003274570718 0.003143587889 0.003012605061 0.002881622232 0.002750639403
0.008906832353 0.008775849525 0.008644866696 0.008513883867 0.008382901038 0.008251918210 0.008120935381 0.007989952552 0.007858969724 0.007727986895 0.007597004066 0.007466021237 0.007335038409 0.007204055580 0.007073072751 0.006942089922 0.006811107094 0.006680124265 0.006549141436 0.006418158608 0.006287175779 0.006156192950 0.006025210121 0.005894227293 0.005763244464 0.005632261635 0.005501278806 0.005370295978 0.005239313149 0.005108330320 0.004977347492 0.004846364663 0.004715381834 0.004584399005 0.004453416177 0.004322433348 0.004191450519 0.004060467690 0.003929484862 0.003798502033 0.003667519204 0.003536536376 0.003405553547 0.003274570718 0.003143587889 0.003012605061 0.002881622232 0.002750639403
0.008906832353 0.008775849525 0.008644866696 0.008513883867 0.008382901038 0.008251918210 0.008120935381 0.007989952552 0.007858969724 0.007727986895 0.007597004066 0.007466021237 0.007335038409 0.007204055580 0.007073072751 0.006942089922 0.006811107094 0.006680124265 0.006549141436 0.006418158608 0.006287175779 0.006156192950 0.006025210121 0.005894227293 0.005763244464 0.005632261635 0.005501278806 0.005370295978 0.005239313149 0.005108330320 0.004977347492 0.004846364663 0.004715381834 0.004584399005 0.004453416177 0.004322433348 0.004191450519 0.004060467690 0.003929484862 0.003798502033 0.003667519204 0.003536536376 0.003405553547 0.003274570718 0.003143587889 0.003012605061 0.002881622232 0.002750639403
0.008906832353 0.008775849525 0.008644866696 0.008513883867 0.008382901038 0.008251918210 0.008120935381 0.007989952552 0.007858969724 0.007727986895 0.007597004066 0.007466021237 0.007335038409 0.007204055580 0.007073072751 0.006942089922 0.006811107094 0.006680124265 0.006549141436 0.006418158608 0.006287175779 0.006156192950 0.006025210121 0.005894227293 0.005763244464 0.005632261635 0.005501278806 0.005370295978 0.005239313149 0.005108330320 0.004977347492 0.004846364663 0.004715381834 0.004584399005 0.004453416177 0.004322433348 0.004191450519 0.004060467690 0.003929484862 0.003798502033 0.003667519204 0.003536536376 0.003405553547 0.003274570718 0.003143587889 0.003012605061 0.002881622232 0.002750639403
0.008906832353 0.008775849525 0.008644866696 0.008513883867 0.008382901038 0.008251918210 0.008120935381 0.007989952552 0.007858969724 0.007727986895 0.007597004066 0.007466021237 0.007335038409 0.007204055580 0.007073072751 0.006942089922 0.006811107094 0.006680124265 0.006549141436 0.006418158608 0.006287175779 0.006156192950 0.006025210121 0.005894227293 0.005763244464 0.005632261635 0.005501278806 0.005370295978 0.005239313149 0.005108330320 0.004977347492 0.004846364663 0.004715381834 0.004584399005 0.004453416177 0.004322433348 0.004191450519 0.004060467690 0.003929484862 0.003798502033 0.003667519204 0.003536536376 0.003405553547 0.003274570718 0.003143587889 0.003012605061 0.002881622232 0.002750639403
0.008906832353 0.008775849525 0.008644866696 0.008513883867 0.008382901038 0.008251918210 0.008120935381 0.007989952552 0.007858969724 0.007727986895 0.007597004066 0.007466021237 0.007335038409 0.007204055580 0.007073072751 0.006942089922 0.006811107094 0.006680124265 0.006549141436 0.006418158608 0.006287175779 0.006156192950 0.006025210121 0.005894227293 0.005763244464 0.005632261635 0.005501278806 0.005370295978 0.005239313149 0.005108330320 0.004977347492 0.004846364663 0.004715381834 0.004584399005 0.004453416177 0.004322433348 0.004191450519 0.004060467690 0.003929484862 0.003798502033 0.003667519204 0.003536536376 0.003405553547 0.003274570718 0.003143587889 0.003012605061 0.002881622232 0.002750639403
0.008906832353 0.008775849525 0.008644866696 0.008513883867 0.008382901038 0.008251918210 0.008120935381 0.007989952552 0.007858969724 0.007727986895 0.007597004066 0.007466021237 0.007335038409 0.007204055580 0.007073072751 0.006942089922 0.006811107094 0.006680124265 0.006549141436 0.006418158608 0.006287175779 0.006156192950 0.006025210121 0.005894227293 0.005763244464 0.005632261635 0.005501278806 0.005370295978 0.005239313149 0.005108330320 0.004977347492 0.004846364663 0.004715381834 0.004584399005 0.004453416177 0.004322433348 0.004191450519 0.004060467690 0.003929484862 0.003798502033 0.003667519204 0.003536536376 0.003405553547 0.003274570718 0.003143587889 0.003012605061 0.002881622232 0.002750639403
0.008906832353 0.008775849525 0.008644866696 0.008513883867 0.008382901038 0.008251918210 0.008120935381 0.007989952552 0.007858969724 0.007727986895 0.007597004066 0.007466021237 0.007335038409 0.007204055580 0.007073072751 0.006942089922 0.006811107094 0.006680124265 0.006549141436 0.006418158608 0.006287175779 0.006156192950 0.006025210121 0.005894227293 0.005763244464 0.005632261635 0.005501278806 0.005370295978 0.005239313149 0.005108330320 0.004977347492 0.004846364663 0.004715381834 0.004584399005 0.004453416177 0.004322433348 0.004191450519 0.004060467690 0.003929484862 0.003798502033 0.003667519204 0.003536536376 0.003405553547 0.003274570718 0.003143587889 0.003012605061 0.002881622232 0.002750639403
0.008906832353 0.008775849525 0.008644866696 0.008513883867 0.008382901038 0.008251918210 0.008120935381 0.007989952552 0.007858969724 0.007727986895 0.007597004066 0.007466021237 0.007335038409 0.007204055580 0.007073072751 0.006942089922 0.006811107094 0.006680124265 0.006549141436 0.006418158608 0.006287175779 0.006156192950 0.006025210121 0.005894227293 0.005763244464 0.005632261635 0.005501278806 0.005370295978 0.005239313149 0.005108330320 0.004977347492 0.004846364663 0.004715381834 0.004584399005 0.004453416177 0.004322433348 0.004191450519 0.004060467690 0.003929484862 0.003798502033 0.003667519204 0.003536536376 0.003405553547 0.003274570718 0.003143587889 0.003012605061 0.002881622232 0.002750639403
0.008906832353 0.008775849525 0.008644866696 0.008513883867 0.008382901038 0.008251918210 0.008120935381 0.007989952552 0.007858969724 0.007727986895 0.007597004066 0.007466021237 0.007335038409 0.007204055580 0.007073072751 0.006942089922 0.006811107094 0.006680124265 0.006549141436 0.006418158608 0.006287175779 0.006156192950 0.006025210121 0.005894227293 0.005763244464 0.005632261635 0.005501278806 0.005370295978 0.005239313149 0.005108330320 0.004977347492 0.004846364663 0.004715381834 0.004584399005 0.004453416177 0.004322433348 0.004191450519 0.004060467690 0.003929484862 0.003798502033 0.003667519204 0.003536536376 0.003405553547 0.003274570718 0.003143587889 0.003012605061 0.002881622232 0.002750639403
0.008906832353 0.008775849525 0.008644866696 0.008513883867 0.008382901038 0.008251918210 0.008120935381 0.007989952552 0.007858969724 0.007727986895 0.007597004066 0.007466021237 0.007335038409 0.007204055580 0.007073072751 0.006942089922 0.006811107094 0.006680124265 0.006549141436 0.006418158608 0.006287175779 0.006156192950 0.006025210121 0.005894227293 0.005763244464 0.005632261635 0.005501278806 0.005370295978 0.005239313149 0.005108330320 0.004977347492 0.004846364663 0.004715381834 0.004584399005 0.004453416177 0.004322433348 0.004191450519 0.004060467690 0.003929484862 0.003798502033 0.003667519204 0.003536536376 0.003405553547 0.003274570718 0.003143587889 0.003012605061 0.002881622232 0.002750639403
0.008906832353 0.008775849525 0.008644866696 0.008513883867 0.008382901038 0.008251918210 0.008120935381 0.007989952552 0.007858969724 0.007727986895 0.007597004066 0.007466021237 0.007335038409 0.007204055580 0.007073072751 0.006942089922 0.006811107094 0.006680124265 0.006549141436 0.006418158608 0.006287175779 0.006156192950 0.006025210121 0.005894227293 0.005763244464 0.005632261635 0.005501278806 0.005370295978 0.005239313149 0.005108330320 0.004977347492 0.004846364663 0.004715381834 0.004584399005 0.004453416177 0.004322433348 0.004191450519 0.004060467690 0.003929484862 0.003798502033 0.003667519204 0.003536536376 0.003405553547 0.003274570718 0.003143587889 0.003012605061 0.002881622232 0.002750639403
0.008906832353 0.008775849525 0.008644866696 0.008513883867 0.008382901038 0.008251918210 0.008120935381 0.007989952552 0.007858969724 0.007727986895 0.007597004066 0.007466021237 0.007335038409 0.007204055580 0.007073072751 0.006942089922 0.006811107094 0.006680124265 0.006549141436 0.006418158608 0.006287175779 0.006156192950 0.006025210121 0.005894227293 0.005763244464 0.005632261635 0.005501278806 0.005370295978 0.005239313149 0.005108330320 0.004977347492 0.004846364663 0.004715381834 0.004584399005 0.004453416177 0.004322433348 0.004191450519 0.004060467690 0.003929484862 0.003798502033 0.003667519204 0.003536536376 0.003405553547 0.003274570718 0.003143587889 0.003012605061 0.002881622232 0.002750639403
0.008906832353 0.008775849525 0.008644866696 0.008513883867 0.008382901038 0.008251918210 0.008120935381 0.007989952552 0.007858969724 0.007727986895 0.007597004066 0.007466021237 0.007335038409 0.007204055580 0.007073072751 0.006942089922 0.006811107094 0.006680124265 0.006549141436 0.006418158608 0.006287175779 0.006156192950 0.006025210121 0.005894227293 0.005763244464 0.005632261635 0.005501278806 0.005370295978 0.005239313149 0.005108330320 0.004977347492 0.004846364663 0.004715381834 0.004584399005 0.004453416177 0.004322433348 0.004191450519 0.004060467690 0.003929484862 0.003798502033 0.003667519204 0.003536536376 0.003405553547 0.003274570718 0.003143587889 0.003012605061 0.002881622232 0.002750639403
